#original_node converted_node 
22748 2064
22504 1300
5259 2894
23991 2918
26130 4052
22466 3664
19711 2075
19710 1121
22463 3415
22462 1509
9389 1385
25852 4640
4027 3195
7109 5022
22507 2779
4023 1999
165 1952
23441 1315
19495 696
13864 4007
17297 4078
19325 3369
17290 3399
10897 4104
10896 1431
10895 1531
17291 3002
24713 3530
345 525
7515 4841
8807 1652
19159 644
11427 3426
3999 1466
7510 483
22269 3114
3996 960
24718 1303
348 4500
19150 2070
3990 1976
25062 4943
6356 4625
25060 4832
16070 2902
16675 1756
16674 876
16676 178
21608 1845
23648 3263
19378 3694
11403 3356
12701 2658
12703 3068
6154 1019
12704 4077
6156 2404
6158 456
6159 4109
10967 1780
10966 1168
13600 576
16041 1830
6350 4609
6971 1401
23841 861
2316 3295
6351 2187
10969 1695
11878 3640
25664 5079
25667 5165
25660 2034
5851 970
25662 2148
299 3525
17503 5178
294 2700
25668 3922
3681 1240
6726 1866
3773 2745
17655 288
16498 2114
25289 4833
25286 491
13096 353
4021 4303
272 2298
17389 1795
16708 1813
19974 800
17382 2288
25114 4602
16258 167
25112 2786
16703 2553
25111 715
10842 1857
22487 4204
8208 337
22483 567
26127 2281
12017 2837
12016 1073
22489 3475
26159 2931
15528 2940
179 3457
4431 3580
19573 1930
25597 2272
25595 4654
16389 343
17251 3029
17252 2562
7882 1234
7885 2480
22980 5008
19578 445
15205 813
19015 3379
17038 6
17039 1236
2449 628
17237 3910
9522 127
2117 4327
10898 5005
7863 1673
18183 4858
24885 1100
22900 580
21614 2453
22903 3606
106 188
2516 3545
21613 482
15200 4437
16819 4156
17874 2496
2044 3392
2042 1118
19012 2302
11121 722
9432 1987
4819 1672
5826 4193
16817 1098
11631 3036
26023 216
11617 2006
21293 3916
26020 2724
11612 3834
11613 327
11610 2325
9417 743
10637 2706
9419 2185
12122 4710
6375 1981
6376 30
21928 1665
10412 1225
8231 1814
20150 4810
18453 1291
15209 1969
11944 1842
18344 3939
18457 951
2621 4014
18455 5168
15208 4570
9639 76
22876 923
19170 4607
10383 3721
17729 2043
10381 1911
17724 3147
20155 3400
9634 2151
17721 1060
9325 1728
16921 973
10002 4282
16922 5127
7265 4922
7264 352
3511 1249
19110 4796
3516 3960
21727 1539
12235 3172
24870 2715
22265 711
6266 2306
19207 2996
1436 4004
14627 1043
14620 4869
7511 3681
6808 2849
15718 1625
6806 2464
6807 3386
6804 1254
3998 1104
14628 998
15712 4527
98 5119
10561 4860
5404 5048
10564 3973
20414 3425
93 3635
95 3348
547 3458
97 3696
3207 862
3206 4230
1621 5021
1620 945
1995 1264
10096 882
1997 529
21432 558
9937 1819
18723 2362
2073 4970
24159 4487
21438 1054
3209 1663
3532 1907
18920 2721
13056 13
18924 587
11664 3420
12940 4691
1376 4490
22815 3666
17750 3215
11828 4440
14710 4345
14711 3310
15669 1970
15668 4543
17828 2525
15663 3220
17825 3992
17824 4038
15667 815
17822 107
17821 1025
15664 1635
20258 3223
5057 4444
19014 4820
15641 4787
18746 3527
20253 3157
20250 3820
10679 4555
20257 481
7072 3490
3345 758
18634 3965
18633 4596
5052 20
9189 5112
11662 4818
12491 1804
4258 3045
15917 1551
12492 1754
15911 844
1172 593
23509 1582
12496 280
12498 129
4252 2084
23503 1358
4254 1349
5533 4801
16900 2376
6576 5020
17470 4959
510 4553
18141 3866
18140 1552
18143 1927
18142 2563
18145 4299
18144 4793
1281 3877
1280 969
17126 2865
17755 1762
8725 5097
7536 4473
2340 3134
16129 5138
14403 1356
7188 599
22953 3345
10500 3658
8307 4881
14372 3871
8726 2859
8768 1818
13834 2290
4189 3027
25596 4893
13837 2764
13831 464
13832 4096
23555 2855
16881 2524
8386 2471
4262 5204
8087 2072
16576 2368
8549 3657
11418 3698
22000 4497
8547 1008
7204 1734
8541 4145
23616 2572
23614 375
24878 4111
24412 2790
7452 1803
4266 4929
7450 3196
6575 197
4383 678
4382 2216
4380 4160
5622 1141
5621 325
25346 302
25948 1084
1373 1453
1375 568
16570 2735
23299 3575
23298 64
23297 1192
25940 898
23293 300
409 986
408 2289
23477 2584
23476 2826
628 3614
23471 4229
23470 2768
1344 4476
23306 4815
3839 874
22476 358
5995 761
24133 4549
4033 3855
4032 1133
10880 4431
10881 2189
5993 410
4036 553
11577 3784
4038 5183
24957 3950
11572 3076
11379 2861
19380 4167
13604 3480
5661 3538
19781 2210
11372 1370
7522 1875
7523 3689
5078 2758
6535 4231
24708 5093
7524 3162
19149 1685
19146 2002
24705 2031
22278 1429
372 4936
375 596
6503 2744
19140 2528
376 3501
25729 2508
15553 5105
25059 4653
25057 2005
25056 2092
22129 3173
25053 550
5067 4825
25050 1177
12712 3285
392 109
12710 1280
396 2422
2334 5169
2309 3257
23870 1723
13619 2624
19301 3826
13614 399
13615 875
4727 2164
20383 2714
20116 1558
5960 4816
2307 521
2306 4177
25611 2812
16065 1129
23424 4910
19707 1438
25615 1852
23084 4116
5840 819
18772 4960
11280 5037
15413 3964
11285 4175
11284 2582
5849 720
5848 2393
24733 5167
3748 5177
17626 135
16486 3541
7888 3001
16484 641
16485 2402
16482 2610
3743 2390
15846 1378
245 794
244 2372
920 4319
4624 704
4625 3858
1090 1975
16719 2648
19964 3543
16717 2752
25435 1821
19961 291
25125 1859
25436 3041
26141 846
22493 2450
9763 3012
12213 5144
11152 3582
23233 2026
9760 1771
9715 5041
293 1953
19560 3188
16393 321
19562 3586
11591 971
11593 3261
7718 5175
19568 2889
19569 3451
10463 1049
9249 3810
20886 59
7046 4344
20884 2637
2459 4089
9764 4516
21100 2831
9241 686
2457 3740
2451 2409
2450 531
11011 1333
25545 4470
7853 1159
17280 4070
25541 3559
17538 591
17285 885
7855 1142
19911 4212
21848 4525
17289 2772
17536 665
13283 4129
13282 1402
13031 4982
23146 4994
9769 3472
2055 2594
2054 1768
17388 4124
2059 3080
16803 4154
16800 4184
4825 4383
4822 51
21930 1439
16495 1573
11621 128
21281 295
26038 1056
7985 498
25287 3883
10620 661
12130 238
10623 931
6364 1157
9335 3920
10153 1778
9337 1350
21663 1209
10406 1095
1608 1544
14384 4284
20086 3302
10158 574
20084 5019
9338 2446
21665 938
10390 1873
10391 3941
9629 1775
3547 1242
3522 4765
3553 3154
23151 2612
20645 1497
20644 311
20647 372
192 4301
20641 519
17754 1725
16937 3221
13199 2886
16935 2500
16932 4900
23687 4541
16931 635
15642 4463
23154 3375
13191 3913
13190 731
13196 1745
19221 4958
14369 3140
4656 4258
8801 3482
10711 398
8037 4384
1976 5109
10719 2041
6219 1667
6218 1218
15708 3748
3878 3416
8395 5096
14652 3797
2303 4143
14870 3996
14872 3997
6810 3070
6813 1867
6815 603
8374 1086
15706 4056
25116 2951
9755 306
14094 4819
14093 1570
14090 3557
20391 621
19870 82
9759 3567
9758 2483
7324 458
13276 230
5490 5107
19978 2498
1968 2178
1969 5151
24140 5080
13060 540
5194 1134
1966 4217
3239 3782
10081 2475
24148 2502
24149 1816
18444 4040
18445 2327
18447 3322
25442 3552
18443 2577
17385 3087
12248 5118
26157 2580
2870 1825
2877 2443
18719 81
3744 4548
2879 4074
15678 4991
20261 2981
7883 3365
3989 4551
17131 2535
20065 2233
20064 4005
800 4132
5668 4580
26098 1017
7069 1058
20062 3464
11968 4316
5441 927
5602 4408
5446 4887
5445 3896
5444 1848
18621 3882
18622 136
18623 3039
18624 3626
18625 2284
18626 4941
18628 4844
21190 3787
5364 5236
5228 5155
1765 224
15907 1457
6963 1085
15905 1213
8628 4085
15455 452
15457 1286
7483 2695
23511 562
8626 2701
1149 1067
23514 1949
8153 4911
8150 2552
8151 2643
8475 2418
18158 1005
18159 4436
8474 5108
24559 45
5505 1445
18156 5010
5503 1872
18154 2712
16314 4987
1545 1001
12927 1731
17468 4644
11442 2254
23727 2910
11113 1189
11112 662
11114 3933
24398 3397
8710 566
543 418
546 2143
8715 887
12928 248
8718 126
8719 1770
13802 5083
7197 1272
21303 4956
7194 1194
12473 5069
19941 4664
23094 5150
13847 822
2386 4233
13 4604
17587 5171
14600 4428
17250 2767
19521 5241
15166 1979
9988 4868
9986 3062
9987 3767
9984 1777
1787 3116
8534 4967
9983 812
9980 2521
7563 1355
6337 3534
7442 228
14500 1201
7447 4515
7446 2088
7449 1716
3067 4011
12660 3870
414 802
8185 4947
25958 3149
25959 2270
410 5214
24101 3233
17994 3981
1386 832
25957 3148
7689 53
1383 4866
3827 3777
3826 1644
3825 2942
19109 1698
23464 3791
23465 2963
3821 2170
2443 3135
20031 4244
10638 5140
23266 2425
23267 2292
23264 1498
8441 2901
8442 1224
8443 4288
11561 4902
22393 61
11563 3085
22395 1764
22394 4546
11566 1708
22644 753
5608 3046
4283 1471
13990 4359
4286 4766
19340 1686
10252 3518
13999 2718
4289 3191
17999 3903
19179 871
5478 2558
14840 4536
369 2732
17346 4798
22246 2378
22245 801
365 1895
22242 2025
7533 380
25661 2684
20379 4698
19351 2459
9255 2232
22023 718
16128 466
19355 2032
128 2874
16124 4340
19607 8
16654 1288
8625 3139
16123 809
22028 1238
380 3710
10186 2211
385 3487
6179 273
6176 2538
6175 2305
6172 1309
12722 1484
14985 2279
12720 2507
4759 1978
6774 92
23866 2198
10986 1363
4755 1269
10983 1811
23863 1540
9964 904
16010 1879
16013 1840
25601 584
24601 4131
25607 2683
9962 3884
364 2421
17461 4397
11293 1858
21203 4291
25609 3217
9968 3795
1074 1919
16955 3235
20035 4932
25136 4498
1075 2868
24959 1441
7861 4075
24955 301
3750 3183
21125 2545
3752 2379
25138 4895
25139 3381
2190 1308
4632 609
13520 972
2193 420
13526 4031
4635 1977
22734 939
252 3946
16722 616
13528 997
13529 1152
16235 2968
16726 617
254 4808
2200 2042
2201 4769
2202 1002
2203 3405
11746 3081
3772 3578
21206 2147
25649 4754
9486 2820
12295 5111
17137 2970
22729 5052
21205 3370
18581 4757
16505 2387
21389 782
20893 2943
9488 3716
2047 3226
2420 516
18388 5070
21386 3990
9504 1959
17076 2755
25557 1586
16835 894
16834 1415
22119 1367
16831 4739
16830 4976
17294 3256
7844 610
13292 2319
21630 3077
16349 3096
16348 2999
21635 1214
2043 2690
12107 1671
12106 3506
6354 3888
6355 1193
1551 4627
12101 1036
23836 1176
3683 1125
3682 4072
4525 1031
4814 926
4835 4271
4834 4020
3685 4249
3684 3894
4422 2640
7991 2934
13653 1101
11638 2094
9439 2048
2515 4083
7999 762
26042 4293
11630 1565
2511 1362
2512 3102
13558 5141
9616 1815
9341 537
1840 1751
6628 3378
12423 3812
12618 3962
10163 3879
10162 660
9618 4174
21707 332
6626 2433
9184 979
22811 1579
22816 5159
5059 2037
23240 2167
22527 84
5055 409
17740 3130
4425 4086
17746 1052
9188 868
21708 2024
21927 2432
7209 604
1817 841
6944 3869
16906 1899
26022 4304
13291 2477
11528 3467
1818 1230
7206 1383
14886 2689
12679 1423
6222 4022
12212 996
10763 721
10762 365
10765 590
6073 3078
6229 4214
7857 4315
19143 4366
373 4400
14864 664
14865 2878
18549 39
14647 2929
18895 4382
18894 290
1107 3917
18544 4460
14648 1281
11611 4483
22726 559
18540 1026
18543 544
14869 3352
2165 2013
20478 322
20479 1783
8147 3184
2926 1989
9765 5114
10501 1106
14089 1589
24402 2873
9483 2342
13422 3095
18941 2489
18940 749
18943 1929
18942 3818
3228 1954
18946 1390
1600 1212
6579 4232
1606 3489
11964 96
11965 3373
11967 2248
11991 4997
21929 2333
4555 4360
8851 485
4554 2112
8857 3171
11969 4509
14130 4731
8854 1186
15600 1012
18098 4163
2848 1700
2846 569
15608 1013
18091 4848
18097 2297
18764 2726
18095 1926
18094 5066
4756 2573
3323 977
10211 774
14265 108
14131 4937
25250 2343
5479 4339
13319 3722
7058 5184
1776 1885
20526 3018
10183 1167
24734 1639
7053 3961
7050 234
320 4406
20078 3711
7055 4306
20528 4566
10148 4221
9890 3491
9026 4467
18383 2657
14132 5039
18381 2405
15933 1287
8148 423
15931 5
19443 5094
9892 1329
15935 1305
18160 1668
1154 2836
1157 3762
15938 2864
1151 3598
1150 2011
1153 1409
8630 2057
18365 345
914 4592
11109 3434
17393 3874
19469 2277
5511 4921
5510 438
18454 4981
17992 5122
17997 3292
1550 1892
11108 3025
1552 1769
24385 3229
17991 2171
17990 2611
11102 668
2991 487
25891 4205
3037 2607
11107 1912
3032 225
3033 1247
3034 2403
8701 647
8705 4817
15596 2719
19064 4877
21660 2926
8708 803
21333 2283
12262 4394
23673 2313
2993 3734
8031 1456
1908 3504
19257 4656
1010 5192
13859 1757
19922 2145
25896 2400
5605 1071
9630 3517
5606 831
5601 2736
7601 125
20883 4689
24129 1915
12851 283
19924 1837
9993 2239
12852 1377
12587 808
9994 2655
17599 2955
11037 4713
11034 2725
11035 2760
14512 614
25962 2668
11030 2808
8702 4435
866 3991
6512 221
19927 2268
22879 2542
19551 2481
5131 4021
10388 3383
19881 5102
3812 4017
3811 4001
3814 3807
3818 4586
3819 2258
3074 4199
3450 1477
19554 4110
8457 3953
23708 214
22382 3327
22381 4903
8458 198
19164 1458
16590 4522
9831 5068
6427 893
19161 1261
12453 2822
25866 3732
19168 2331
4290 1187
4293 2586
23383 3551
23382 256
23385 653
23387 313
2075 3387
24762 520
7541 1634
7542 1196
22253 2555
22254 1451
21723 1061
7546 4100
24765 1666
16648 3187
16649 2275
22032 3605
8669 5142
16640 1111
16643 4931
19612 1339
19613 3270
16131 2967
12739 1855
8036 4601
10432 4446
6161 4305
6160 741
25176 4925
12733 598
12735 2019
23674 3607
4748 245
19297 40
4743 70
23810 2971
23812 5218
13677 4781
10990 3206
10991 1835
24616 3759
24617 3760
24614 1041
9974 2018
16006 1572
22744 4576
25631 4865
5862 2992
19572 4314
25143 583
17359 1740
13624 1992
21130 3407
21131 2692
24944 3835
19932 2631
17603 310
24943 1738
25419 865
17600 4035
25387 3174
2182 3153
19909 3643
25383 2230
25382 646
2185 3004
2184 2194
19903 2102
19900 469
22727 4417
22720 3703
22721 1914
22722 2357
25388 891
2212 264
1427 4712
2532 3300
2215 4693
22730 4775
4713 1752
8680 978
19509 4539
12763 2287
6904 1802
11792 4738
19586 2652
6455 3923
19585 3766
23909 2051
19580 2997
19581 2916
5477 2615
21621 3633
21623 4918
10677 2807
20716 1079
4630 5032
6456 4023
21629 793
10468 4634
16820 3519
8134 1524
16823 5081
16352 3659
16353 4711
25565 1541
5767 1596
25569 1785
16358 4872
14621 4386
12110 1065
6340 1271
13469 1075
8520 2829
25095 5190
25094 2769
4512 1921
4513 271
4511 270
4515 152
15717 4219
16265 2452
6184 1260
6183 2731
12411 3714
11641 5050
11640 1514
2505 4210
26051 217
2503 3864
15715 3304
2501 851
9426 1386
10178 4547
15714 3749
2720 835
6838 672
5287 1178
17778 642
16940 3269
17174 1464
21712 2510
20668 3447
9649 2845
9194 2775
17173 4248
17172 239
21718 1313
22826 1257
20660 1543
20667 1078
17178 4310
11141 3897
22961 4657
17936 4854
25496 5221
15181 4395
9514 4882
9517 1563
9511 1896
21391 2371
25043 4198
14149 3182
5938 2912
9518 4871
15847 4502
20002 2681
20915 1432
20914 3907
6513 4894
11829 3687
20553 1341
18558 4890
14854 3593
18884 4416
11824 3006
13068 2413
20552 1340
11821 1839
11820 3110
11823 4612
11822 2200
10519 1982
14079 1336
14078 2921
9130 5189
17575 4147
4954 4680
15189 3816
11842 3841
10517 4598
9773 869
18952 3755
14983 2191
14982 14
8862 384
7307 457
4000 4247
21404 3015
9021 2645
21407 886
24160 2117
21401 2309
8868 765
24163 684
11911 4950
11910 2583
20170 5156
9023 460
15316 3629
11919 905
811 903
19147 4726
5056 3266
5182 4328
18778 1292
15616 3583
15617 4438
15614 883
17827 3875
2851 2104
12938 555
2852 2090
1024 4758
17440 2069
3718 3680
7045 1495
17293 4542
5181 1822
4712 3421
5464 649
22147 2440
7042 877
1498 1246
1499 2980
11120 5209
5267 4263
5266 760
5262 272
5261 5231
13369 1805
14181 480
24152 1490
19957 4524
5268 4557
18398 428
18399 3181
15850 962
19011 4621
18390 4905
18396 3754
18397 3558
18171 2054
21314 4451
18174 736
10382 4926
20169 1575
21530 2038
16730 4523
1124 1229
1125 2817
14325 732
14324 3286
18375 1147
23672 5110
11132 338
15108 370
24578 1800
7590 4729
24169 3704
18379 3318
17981 3494
17984 2439
14690 1450
17986 3786
17988 2590
2982 552
2981 4714
2980 532
24371 44
14698 901
24372 18
15582 1436
22225 3497
15580 320
21165 3323
8738 4983
523 648
1014 2067
8737 2869
15589 4389
18088 490
22555 1831
8730 1094
8731 3972
1234 527
8517 95
19440 4196
8512 5043
8045 74
23665 475
8048 4218
8049 93
20959 3860
4195 1057
12599 2091
23490 3066
17785 4845
5672 246
5673 2750
5674 594
3955 3160
8280 1923
12842 1137
4355 1268
16115 3723
19444 3380
4351 1369
4353 2875
11002 3355
25975 5092
4117 2627
25978 592
11009 4225
11642 5195
6506 3307
23064 3281
23066 1199
2248 5124
15947 3404
15816 1889
11557 2131
23063 2101
24280 1894
21310 4190
25870 1833
18151 4806
23256 1475
22621 1578
22620 1421
23488 4995
3804 1132
23485 910
23480 3671
23481 166
23248 3512
23246 941
23712 1301
23713 3275
23710 4617
19111 1647
8193 2367
6434 2348
15322 1197
19114 1293
6431 1116
15321 371
8198 4404
1967 4510
15329 2950
24595 2341
24594 2614
24597 4069
18052 3222
23394 1504
24592 2442
24960 4955
2249 3560
21809 4332
16109 2428
16108 1463
14763 5099
9103 3638
16102 3412
16101 1076
16107 2550
16106 916
19624 1256
13647 2001
4777 4874
4774 2749
19167 1536
10154 4974
4773 3655
13641 3616
22284 1947
22530 1653
13649 4830
6421 1317
3063 2514
23809 4065
10446 5060
19162 2842
23416 4200
3062 4312
19145 5011
6423 4215
23806 1585
18338 5003
23805 1584
25628 2436
9943 881
24620 993
9946 1910
16039 1024
15784 80
5812 3089
2243 4593
5814 3836
16032 308
19023 4633
19022 2419
16741 37
19244 1809
25402 1083
19246 1943
16213 2713
15786 1883
16747 3198
16210 517
16749 1112
19510 4540
25158 957
24970 2603
24161 2431
19939 1296
5542 3242
9266 3445
22758 860
12053 3944
16584 3417
238 1216
12054 4779
25396 49
12056 2927
13501 2564
231 524
16589 453
5060 1542
12696 3351
12695 3483
3068 3448
1963 2416
12691 130
26193 3513
17823 4037
26191 3959
26190 873
4495 4610
26196 432
26194 595
357 4953
22312 4811
25710 1561
15665 3621
10056 4923
3058 3103
25718 2856
25719 3289
9597 3109
18373 3030
21650 1627
21653 3241
142 4940
17501 1410
140 1505
20879 374
21658 3065
20702 2161
12151 4736
2352 4441
7829 2079
19800 3775
19807 936
19806 769
21090 2363
20317 3713
19809 3194
16368 884
25571 1847
25572 2236
7824 1687
26067 2770
26065 1114
7543 5057
16274 2356
16696 3072
16694 98
20316 3998
25086 1345
2081 994
25080 316
2087 3733
2085 1324
17189 1048
17851 5211
17019 3111
26180 4876
17180 2710
7463 3772
2530 1266
2536 1826
17956 3413
2535 1267
2712 4336
2713 2885
2710 186
17764 2866
22031 4208
9360 439
1194 2077
7957 4381
7956 275
12707 2697
17162 778
17163 1747
17161 2385
22830 3520
22831 3371
22832 1694
20255 2388
22834 560
10346 4364
22836 185
22837 3294
1832 677
1833 1669
22929 3336
1836 4906
1834 3265
25231 4626
25219 4080
1838 597
16962 2169
22719 3701
16967 1120
7926 54
2155 1470
2404 530
1695 4168
2803 4191
10684 3639
9593 4385
4989 3462
4988 3324
930 1045
937 1
934 304
10526 1050
10524 1615
20902 2490
5385 2177
25230 5196
5387 5009
14844 3692
16644 1014
14662 3186
18560 1710
14664 1128
14841 4318
14842 4823
14667 2495
21824 4837
5211 4772
4144 4977
20233 5212
16877 2880
16647 3474
1959 4883
1958 419
16876 618
23344 1081
8870 5067
14990 5091
14991 4423
8877 3911
8876 3205
8879 276
24110 1554
24113 1316
7311 4352
24114 405
11902 2000
11903 4238
12307 5007
12306 328
6905 3126
25543 5224
21297 3321
12302 1190
9149 4797
824 242
18415 1198
9863 3952
12308 1304
18337 3211
822 4870
25449 4059
18984 3987
18983 1391
25189 2593
15625 1550
15624 1712
15623 2766
8161 4778
4878 2245
12639 2318
9017 450
10235 32
12263 4496
7038 4295
7039 1787
831 5036
1488 363
23346 1699
5492 5064
6973 3918
1711 1864
9387 1513
5256 5197
20059 1469
24023 1593
5255 2965
15912 798
24029 257
21508 296
20052 2044
20053 1763
15821 2456
2144 3801
15824 2670
12887 2746
15829 915
6316 1823
23068 4864
25234 3892
15959 1446
18189 1053
18185 1942
23051 2773
15951 3122
15485 4134
18182 331
24568 1015
14337 719
18340 1253
11125 1021
921 601
25444 4585
13490 4719
14338 5051
14339 5158
2452 4000
14616 3531
17979 377
10850 4564
2797 2315
8728 2990
18745 1404
18743 3604
18742 3202
18741 3052
1008 3003
8721 3163
1006 1368
4255 3207
18102 3510
8727 1274
1000 1066
8053 94
8503 536
12874 1096
8505 1556
8504 3927
8055 2818
624 68
4181 5121
4180 674
4183 1411
4182 3389
23653 2983
23652 3672
1229 1904
4186 2739
15007 4272
15006 4520
15005 3164
4298 2486
15003 159
6533 2335
6530 2263
15552 160
8299 488
8298 2575
13675 2738
15559 2165
6538 2559
4959 4794
2883 2591
20943 5015
25988 1706
14534 181
11015 499
11016 4892
11017 3422
25980 585
11012 4403
8615 3306
8614 821
24615 4045
25447 5085
21018 4338
8612 148
24293 89
17882 3317
17884 3328
24294 3608
24295 1721
25562 1587
24174 2382
3872 378
3873 3388
3875 2172
3876 2444
3877 1933
25440 4722
23723 2414
11032 2040
23721 144
23720 1044
8471 2274
8472 5152
19102 4455
12472 463
15311 1038
19101 963
19107 768
5717 928
8184 3138
6408 1472
12478 425
5712 690
24587 1062
24582 2221
24583 2222
7768 229
7769 4530
24589 2364
7525 4026
7594 3406
1289 4492
21684 3702
3909 376
19324 3246
7719 1938
4760 1047
6746 989
4765 2375
22299 1419
22528 1693
4766 629
13659 203
24242 5062
22290 1314
6748 1127
4199 2629
4164 269
16015 5200
21436 4993
11241 277
19880 5223
5809 807
9959 3905
21583 3724
1798 5046
16020 132
19741 1518
16022 3166
3279 4646
5807 196
28 4254
19256 4550
200 2638
17379 651
16751 3668
205 1623
16754 1337
16755 1863
24942 2251
6024 4409
7245 1455
26021 3983
12042 2561
12043 3201
12040 2008
12041 4283
16594 615
26181 2420
22319 4914
12045 478
16598 4432
836 3197
8452 4372
22741 1948
22746 4577
26048 5226
23554 4117
2239 2437
13357 4638
23901 2493
23907 314
12687 1525
12688 368
12689 2952
11791 950
22990 4228
19379 3929
135 1884
10824 766
5934 929
10822 155
19314 5222
22728 5148
2186 2805
21866 142
2506 3885
21864 2761
839 2391
21646 974
21433 1784
21860 510
21861 1946
677 5053
15383 3228
11426 2312
22378 3061
1311 3314
4575 1070
4576 1381
22725 4422
3654 2130
21089 1538
24706 3609
19810 4317
3651 658
3652 3804
3653 3878
20174 4727
16818 3262
2527 4443
2526 1156
23206 4783
11661 879
13387 4908
16892 4313
19906 4658
13384 1642
16227 4079
11465 3783
11464 3291
639 1372
13385 444
11461 1862
24961 2120
10433 3652
11462 3833
7811 3113
12312 3980
16225 3014
20569 4377
22371 1707
598 2964
10354 2204
10355 1772
2611 3502
23759 4569
10350 1278
10351 175
10352 4791
5062 5101
17794 1182
17797 3043
4490 3393
10358 1330
25663 5074
25215 1591
25217 4724
17157 4347
17156 134
10682 3886
17158 777
17401 3051
17403 779
23920 3361
10818 4891
1829 3459
13318 1364
21832 3565
1825 4169
16971 5154
16976 799
13310 1732
1823 4206
1822 2743
9572 11
12268 1569
17082 1237
2143 2948
2142 4128
17086 1877
17089 858
4975 806
12260 1255
12266 4990
925 3305
15572 4452
5392 1632
10532 3161
11808 1709
19252 4067
5395 3895
20934 210
19358 2571
10539 1348
11801 366
14834 2455
20119 2332
9713 2415
9712 2608
14051 1365
9710 757
9717 5042
15571 3155
15882 2134
832 4512
833 4297
830 4560
21469 1841
8888 1492
834 1547
2410 3599
4836 4390
18971 506
18972 2153
8887 1226
21466 1972
8881 4934
18408 1796
2936 2203
20595 42
12313 3367
20597 1683
12311 1887
20599 3456
13220 249
12318 3773
19222 3938
18996 4511
18995 3585
11898 4391
10925 4479
7479 4919
4484 4572
7023 3737
5548 4105
25069 2435
27 3932
7026 4686
7025 3780
5488 2015
3310 825
5485 1722
3312 2035
5483 4415
11622 3969
5481 4945
3316 3566
9397 680
24034 4157
21515 4256
24032 3330
9392 3093
1728 2972
1727 169
5246 1614
5241 2136
5240 3427
19583 3699
20567 3247
7597 4265
5626 3949
20344 3278
15221 4737
18579 1901
20345 1998
15125 3484
15126 2523
15127 2158
10543 1779
15123 906
15942 2181
12406 2401
18194 4962
15941 2879
18193 3199
10338 3688
29 3667
14302 4732
62 187
3006 1089
65 3925
5486 5229
24272 4847
7935 2399
14308 1171
253 2792
26058 3016
20335 2407
1588 2182
1589 4567
20331 4006
17968 1146
7695 3776
18585 2625
7154 1909
4284 2762
18751 1154
22738 4277
9125 2833
11892 1496
4633 3260
18757 209
18758 1405
403 4641
11893 5164
26059 1113
500 1323
12860 329
23649 87
12863 4904
12865 1641
12866 1205
8069 911
12868 2709
23137 1135
23134 1040
400 3123
8063 2184
23647 213
15010 1283
9126 2323
4379 3124
7481 2445
6524 1957
6527 2188
5659 3364
5656 2973
7071 3120
4371 2196
4376 3678
8261 3290
8263 3150
782 4802
4750 4725
9391 3079
25998 3610
16357 1557
25996 1016
14540 284
14543 3443
14542 1924
17692 289
14547 330
11066 3133
15495 2600
1104 1149
1105 2278
8666 1702
1101 4201
21149 3436
20947 3982
1109 2322
4080 3243
4081 4137
23730 3857
22609 824
11196 4606
22605 4917
2613 4972
22603 966
15687 4365
22601 1931
8408 1611
8409 5123
23474 3644
22827 5199
11183 4195
11325 2505
8400 4907
7459 387
11328 2686
8403 3334
23226 3854
23227 703
23224 2789
23225 1124
7573 2366
5729 1034
11199 3830
7579 3240
7578 2454
15306 1691
15300 776
15301 208
19131 952
7774 650
7772 3574
18909 2824
3730 1715
8717 5139
3917 421
3916 1030
8811 4457
3910 4651
5137 4618
5631 3449
25554 3252
12112 2068
19489 355
13034 4662
6732 820
23355 1343
4798 1204
6735 4588
8312 589
18904 1307
11490 1462
11491 933
11493 2036
11495 1136
4793 1217
18899 3915
10884 4709
5835 1481
14135 4665
5830 1834
11629 2503
5838 3075
5839 4685
8869 3524
12118 2949
12113 4938
18271 1808
22199 3189
22197 2231
24640 1487
9922 3764
9924 4393
12291 2317
22190 2482
25179 3250
214 219
215 1916
4037 5073
22771 2122
22770 4414
16766 1791
16765 2383
17179 3708
22779 255
22778 940
11785 258
22177 848
16568 991
25378 1622
25379 348
16565 1222
12074 1334
11788 1051
12121 4661
16563 1221
12070 1074
25181 4122
23918 785
12678 281
25553 3251
24860 1980
12675 1888
23915 4989
23916 435
12676 4734
23910 2235
6641 2218
23912 784
19641 3670
19640 16
5901 1091
19645 1295
25777 2945
18299 5025
15943 2834
10819 2240
13684 3824
15386 5132
25180 1346
21853 1163
4138 2685
17560 2953
7802 2850
17564 2226
4139 2676
14932 3340
21858 2078
24820 5227
15082 2352
13413 5216
13411 613
8595 3778
21075 578
25510 4645
8216 3127
19865 1088
74 5136
19866 4469
11670 2664
18366 4723
17194 1956
26088 2314
2556 643
2557 4704
2558 1359
2559 1594
6390 2977
3007 1396
17192 4211
12788 1941
6638 1724
11472 278
17191 3098
11470 3254
12781 282
12787 3632
17804 3255
20613 43
19383 4367
20616 2587
24214 5219
2770 2463
2771 2621
20618 3091
2773 3537
2774 3802
4896 1701
23681 2909
16415 4343
16414 1371
16945 727
25205 511
17149 2291
16941 4234
25201 90
9491 2860
17414 505
19387 1537
9147 3396
19502 5176
25209 1607
1858 1920
379 2046
6264 1733
6265 3402
12252 4465
16783 4462
4416 685
9606 4706
1854 9
21184 2396
21187 4186
1857 3942
20854 1870
17090 3577
20850 254
20853 3092
4967 3581
4966 1427
25226 4812
17099 2504
3053 4688
4960 3410
5432 4733
14003 692
9722 2647
9723 4884
9721 573
20924 3105
20925 5128
3231 3653
22275 1990
20568 4371
21324 937
5271 4264
3265 1103
20108 292
21322 710
20106 3357
5125 1529
19144 2192
20100 165
20101 382
21695 2747
3466 0
21697 2954
21696 896
7090 4608
22989 909
5435 220
21699 645
21220 3496
374 4057
11929 3296
12321 3937
12320 3936
20587 3799
12324 462
11923 2585
11924 4107
11925 2351
11926 4683
20332 4616
14952 1599
18218 4010
4276 4486
6711 4420
18215 2543
18217 3319
18210 2527
20231 3757
10376 3276
9030 4202
13989 204
19712 4307
9037 3308
20662 3293
10251 2846
7014 679
7015 1375
7013 2642
7010 2986
7011 4434
21523 4257
1738 833
24001 755
9211 5215
5230 121
20033 1798
24009 1442
5233 2
11616 3185
1736 2123
11815 3104
11816 2798
3321 3597
11811 2300
11812 3469
25437 4108
15805 3750
5212 3377
15802 4676
734 4957
25211 4850
15150 3774
751 3729
750 3669
15154 5038
15159 35
25358 1964
20663 3867
22790 754
1595 2108
1594 2748
6884 4619
3073 4246
24340 667
2959 190
3076 788
15073 5126
14316 1449
14317 4171
1599 3088
25644 3792
15799 724
1025 4091
2624 4449
5346 27
1026 4092
1023 3100
17953 1389
17951 4296
17950 1656
1029 2257
22018 2033
20328 3637
2810 4298
5225 2984
13311 4329
8079 1861
4364 689
12049 2286
9979 5065
4288 4767
12861 2448
8071 4309
8072 4827
23107 1080
8074 2155
8077 4325
17581 5059
16091 1761
18037 442
18036 5002
18030 2377
8279 605
18032 2888
1217 2009
6078 5135
14558 1690
14559 4088
4275 4136
22901 4042
14552 1897
3105 3697
14550 3118
3100 4162
11077 773
3102 3844
15977 4531
1353 2373
8671 4558
15974 2225
15973 1664
15972 747
15971 2381
8067 336
22464 3465
4278 4857
8678 2466
8064 3455
4588 1478
23741 3055
23216 3176
23215 4311
23214 63
22610 2976
22611 1055
14498 3128
12659 934
23219 4064
4826 4302
15325 3277
4250 2858
5731 2978
5730 2781
11318 2506
5739 1232
482 1629
6468 394
9869 1277
20433 4889
7588 4728
787 4690
18122 4141
7584 2285
7585 5131
7586 2125
15372 3165
6465 3084
19126 3152
9800 845
25836 564
4724 1801
6525 4024
24097 1598
25839 4755
13616 2423
3922 946
19493 1428
7916 4255
3927 116
22502 1628
22503 3479
7482 4361
14176 4337
2304 4879
23363 548
6529 3539
8305 2121
8302 640
8301 2467
6724 1352
10247 3602
4782 1435
4781 2568
8308 3957
23693 431
10879 2350
15206 1003
5825 3613
4148 3951
5827 2186
19013 1392
5829 5194
5828 3840
16651 3693
4146 2596
4141 1758
19019 2778
4143 2848
4377 3735
22188 1576
22189 1577
16067 3450
3852 3968
3853 115
3850 3976
18557 3641
5843 2293
22184 212
3858 1619
25614 4544
16778 441
16779 838
22765 670
22766 4700
16770 1792
18880 2823
19442 2956
19703 4380
25698 942
13862 2871
19784 357
16575 726
6095 2087
6094 29
17187 1900
19783 183
23968 3108
10872 3514
4775 1984
16068 4481
12664 2321
12665 367
10180 5170
23967 698
14541 2157
19657 983
16174 105
10805 2434
6701 5205
10807 1971
10801 1717
21562 3435
25526 3033
199 2499
17228 748
17559 975
25531 5234
195 2329
194 4084
197 484
21847 297
24833 417
193 2238
25528 563
19642 3237
6387 3744
3679 688
25540 3781
6380 4090
10513 4652
16312 4986
16310 15
19871 3032
4552 1231
3677 191
4550 350
18195 4095
2385 1966
26178 3872
21994 880
21995 3021
21998 3546
26092 4188
16899 1417
12798 3571
23492 5095
11447 1546
10514 4178
11445 1940
11444 461
3297 4741
2388 3234
12797 2346
17543 2361
9151 3224
2762 3060
2761 2928
8864 2966
1668 4270
20620 738
25089 4081
16953 1600
25236 2089
25235 3921
26044 3204
16958 1697
9482 154
15422 3970
17231 2904
17135 1574
17426 2606
9485 899
21409 3287
6271 3736
25439 3057
4428 1631
21199 1418
14 5237
12247 1735
13333 447
1841 528
21191 1208
4426 5054
4427 4715
21194 179
21195 2671
6077 3561
6076 4351
6075 1995
12085 500
2169 2911
6072 1227
20827 373
4952 1032
5774 4447
7267 5161
4261 3573
6079 4663
4955 4679
21800 3082
14033 2229
1941 1373
9735 827
16718 4507
14037 3268
9736 2520
20953 4054
20952 1893
20954 2917
21171 4774
20956 323
24121 2667
24122 1510
20320 5090
9283 1180
24126 2027
24127 2947
10794 233
5136 853
10024 3274
5134 534
10022 3339
10791 1009
3292 3940
5130 1479
3452 3793
855 3572
13205 202
3451 4294
22979 2441
13202 2554
853 2900
22975 1580
22976 3216
2504 3765
3293 3612
5425 2426
12338 5187
19962 2825
17590 4411
12334 412
13036 4599
12337 1616
14967 1590
18208 543
22497 312
14969 342
2487 4418
14781 2152
1187 4776
20554 2852
20557 3031
20004 2890
20003 1485
20550 2661
20001 164
20000 470
9025 4829
10243 91
9027 4002
12786 3439
10246 1387
9020 2644
7007 396
20008 3731
6867 4795
18681 518
13995 3720
18684 3144
18685 3167
5081 3908
18688 5031
5232 5240
5227 1374
21531 3842
12065 1689
11861 3037
22888 4120
11863 1064
18511 1705
11865 3568
18517 401
8932 867
11868 1592
2049 4165
15814 161
22887 299
14818 872
17818 4062
743 150
15144 767
15145 3746
748 4456
749 1452
15148 4034
12066 3007
12930 2838
20260 4135
13497 2616
6891 659
24330 818
14499 1997
6892 1922
6895 787
3066 2932
2949 111
6896 2519
11186 1874
24210 4241
18331 2276
14497 3232
14496 2617
2915 1961
1050 2813
1051 5077
5355 705
5353 1480
5352 1033
20315 3054
10792 4694
1058 1713
1059 1018
20319 4799
2917 3452
5359 1960
1696 4093
1793 4944
1694 1068
26173 3320
17537 5000
22556 4454
8739 4637
16957 4752
1699 4142
1278 3673
1279 3117
18771 4150
17304 1506
18283 3825
4319 716
12884 1704
12885 3813
615 149
11047 2782
7572 4809
15568 1746
14562 797
24489 3594
14560 2547
9867 5072
15562 3747
1490 2566
14767 502
14766 1282
24248 3470
3119 3861
3113 588
24240 2469
1028 4392
15960 2224
15961 1447
15962 5086
1493 3999
17939 2115
20427 2828
15305 2673
5465 3865
8643 2247
8641 2144
22379 4573
23751 2106
23204 985
23757 4559
4469 4173
9248 3024
22372 3083
23758 476
1497 1351
22377 3342
22376 1720
8428 2705
5740 28
5469 1165
19575 5182
5468 4579
495 1138
6648 4534
13931 1850
491 1228
492 2639
13932 1996
24 1618
25 4252
26 361
12409 381
19609 3132
2592 407
22 4194
3362 4750
9832 3214
7596 4605
7595 4674
3594 3273
15366 426
7592 3238
820 4082
15365 634
23114 2244
25827 1613
23110 1581
8735 4942
13620 4985
3599 4730
25829 4321
8672 3563
19608 4387
10656 3354
3939 118
22574 999
22577 4721
19464 3107
3937 117
19466 5056
19463 1944
20635 294
11275 1011
8336 4630
26039 4046
24575 4821
8335 1148
21594 4276
13682 1109
13680 2729
11279 3213
18196 4259
20046 1869
19061 2174
9907 949
15214 2424
19062 4426
23689 404
13325 4666
20766 5103
22324 4041
23686 3312
5260 3069
4135 2111
16620 3503
23683 3590
2593 3651
24464 4631
3843 3600
3845 1126
3844 4673
24463 4055
5695 1399
3849 2985
13320 2320
5698 2677
358 3926
17286 1612
25354 2118
19208 4376
22993 3337
14182 4999
22798 298
178 512
22791 956
19204 981
22793 1932
19206 982
16543 1215
22404 4466
17120 2814
25684 2142
22105 3169
4046 268
6669 4716
4040 3839
13328 1235
23970 5174
6666 3785
6667 172
21710 5145
12654 1829
25758 303
10878 2723
22083 3168
22082 1397
1878 5186
22087 3587
16148 36
10871 914
22088 2922
8375 4828
17125 3325
12046 3151
16891 4448
16890 1353
19517 908
16324 1110
25534 3035
13010 4405
25610 3359
25537 1398
21831 1262
21830 2045
17235 1824
17233 1004
17546 3660
2287 23
19687 5026
19686 2406
19683 4575
19682 1993
15227 4804
21051 2795
25674 1726
939 3264
4828 5047
5655 2620
23458 1393
11696 1320
9579 4899
22692 4678
17343 3636
10904 2696
10907 2049
10906 3178
17306 1836
11459 2703
24939 66
8310 2308
17308 791
17309 416
5065 3743
24932 391
3593 114
21944 472
2596 3789
16801 4897
9124 31
2591 866
3595 735
9127 856
10655 2324
10657 237
23351 403
21949 4961
17439 252
20636 3431
10652 2438
16433 2734
1877 1117
25228 756
13321 1696
13322 1151
4432 5100
17122 2794
25225 2162
7911 1093
17121 3112
25220 673
17127 2851
17124 3288
6185 2788
25359 4838
11623 4814
6632 2470
6288 1072
183 2358
6280 2979
19060 3890
6282 5232
23986 1394
2118 2634
2119 2252
187 3988
185 1917
188 4398
26138 829
19923 4835
21287 702
2622 3409
2623 4015
14020 1210
20949 2541
20122 140
20942 3146
15920 2219
20940 2536
26132 2635
20129 2243
19603 2753
7350 123
5109 379
7355 2895
7357 1937
7356 4453
1910 2109
21309 4697
9128 3977
3283 4016
5107 119
3280 3912
869 2259
4259 5030
9408 1730
3449 1655
11583 4066
22966 561
7278 4087
22964 1223
18970 4763
3441 113
864 3313
2115 1069
13702 2494
17944 2636
2752 170
2116 5113
2750 3446
25159 3665
10497 4952
10496 2679
12135 1661
10490 1035
882 1244
880 3945
887 2149
18370 3898
885 4209
884 1164
18233 2220
14976 1160
14599 207
14970 1789
2620 687
18235 38
18234 3495
5216 3398
20547 2478
10477 1939
10476 990
20014 1122
13704 2809
5210 1270
14159 3521
14157 4032
14154 2132
9053 4562
25492 5044
10478 1755
5218 120
21549 1851
24726 3935
17878 4139
20089 1963
3534 3741
24060 3358
21543 211
10407 5206
21544 4603
21547 4349
21546 2702
20495 2022
8925 2386
22899 1560
11876 2665
8922 3715
14807 285
14808 3814
3988 2998
22890 3203
18524 2159
18522 1657
18521 2370
8928 1143
14485 147
4211 2662
19434 2905
773 262
5415 4159
15175 2449
15173 3815
18658 2578
15171 2672
15170 451
75 1651
17932 163
7104 2663
7105 854
17937 2925
70 2163
6864 52
14691 3779
14370 4519
14371 1608
14376 565
15770 709
14374 5024
78 385
15217 3620
3526 1882
5360 2080
5361 2296
5366 843
5367 2190
1045 3401
1044 805
20305 2303
21638 2023
20307 2076
3524 2267
20303 810
19404 1508
18788 1502
1685 1523
3982 2359
20216 4930
18783 1338
18782 2227
19004 3862
18784 4649
8255 4822
8254 388
4301 2451
26167 2785
13144 3963
22806 3343
1267 3507
1265 2512
18013 3395
17751 1925
11052 1760
11053 611
11054 5098
3388 4587
3286 2374
24490 4485
21593 4761
17864 2674
8787 2354
8786 2920
15516 1219
15688 4677
17848 1676
14770 4742
14771 2946
15681 4362
7615 943
15683 4834
8704 2839
15685 1571
17843 1522
1914 2124
1408 2892
15999 3817
15998 2197
16231 4521
1916 4053
25172 2759
13334 4984
18562 3846
8437 2461
1310 656
15913 4224
17923 4149
15585 1898
23760 5012
6914 4279
21943 965
15353 1654
24781 1161
15423 4792
13929 577
9829 744
6919 2570
6448 2799
15358 5001
15195 4480
15194 2765
15197 4094
15196 2863
15191 3376
5597 1173
15192 2487
8732 3338
9631 5004
19791 1903
19936 2632
23161 1621
23163 1123
20558 3627
23168 4701
1013 4620
7725 1020
7726 3995
7727 2733
3948 2139
4365 4494
14894 4747
21592 3800
312 3437
19475 751
3944 2014
19473 5217
3946 1046
6709 1658
6708 2641
22075 3529
15609 4333
6700 73
6703 2716
23302 474
23304 771
6707 2264
8513 1105
12503 539
17182 3717
9913 3326
4128 2556
12507 1279
6888 3419
12504 4563
6082 2974
19078 2827
8047 763
9038 5143
2754 4920
4125 171
24477 3591
22366 1407
24475 839
12071 2462
24470 4286
24471 4140
13415 5130
1378 3966
6081 2569
22369 3663
24479 4044
16554 2083
13636 3071
19219 2053
3377 4863
4267 4491
16553 1220
19216 507
19215 557
6675 3048
23946 2811
23945 65
23856 2086
23943 1650
22149 1519
12642 2395
23412 3476
22144 1750
16083 162
22415 232
23419 3650
16087 2903
16084 2913
4702 351
18105 3536
23786 3034
4052 2328
13740 349
13741 1773
11411 5061
13749 4660
19678 2653
16159 287
12849 3492
15583 4846
5973 4708
8282 626
9216 2777
161 3695
16154 3622
19675 429
19677 3756
16882 2649
16331 1520
16332 2898
16333 1379
16334 3763
16335 3271
16336 1781
19501 3145
2293 2110
21823 902
16888 3008
16889 2369
21048 60
2295 4192
21825 3822
25783 1786
4354 1934
18238 4873
6642 3682
25785 1347
25784 1844
25034 968
12414 3845
15409 1403
2569 2128
2568 1325
23156 5173
19316 2529
2561 5149
23095 2530
2563 2460
21101 3642
14868 4770
2566 834
16162 1534
10912 180
17339 2074
2368 515
17337 2882
19313 2960
13013 3914
24924 315
18231 4843
17331 309
17330 251
9133 947
17116 1517
17443 1609
888 392
17113 1794
9135 3192
10310 4
18237 2052
9138 1986
10640 2604
10317 2797
16280 2969
4442 2398
1862 1905
3655 3805
14972 775
4446 2516
25251 551
3725 842
3721 2150
17134 4992
17688 1643
13597 541
4685 1488
23944 2906
14096 3374
1613 3618
25977 3143
5853 5063
6291 4368
6290 4777
24814 19
11734 1849
24816 3706
5251 3209
11733 1567
20808 3009
20807 4341
20806 471
20805 5180
6056 2771
20803 4624
24819 3761
22891 4253
20543 3850
10004 3891
7801 1588
4704 3481
5116 1774
10000 2881
20157 4226
17563 4464
12460 3691
15420 3485
2630 1354
21177 4334
20793 4363
20792 2479
9595 2815
21315 4413
21316 579
21317 1006
9591 2802
8511 3478
21313 4187
11410 4975
17592 2720
17591 2840
16545 3438
23138 4429
7807 4439
17595 2757
3430 759
3431 4126
22951 783
22110 5016
22954 1748
2741 265
5257 5198
12617 4123
2742 1139
16469 1636
2749 5193
4846 240
4847 1856
16496 4948
890 4048
13067 1493
17569 2994
894 925
896 600
21548 4331
10268 55
899 21
2984 3971
11579 5125
12616 2740
10467 1603
6389 4278
5202 3019
20576 1298
20574 792
5209 2062
19462 2127
16042 4800
14165 2337
18209 3684
25872 1000
8711 3284
13352 2623
18587 1507
21550 3248
24141 5153
21554 3768
6388 3808
19945 1890
8916 145
2614 1714
16262 3584
16232 4421
11844 4268
13175 1604
13174 663
13177 1097
11840 2301
14346 1806
14345 2474
14344 681
18314 3893
11194 723
11197 4049
14340 4518
15160 3368
15161 2540
1782 4647
15163 4355
18648 99
18649 1928
3048 1248
11626 2959
16216 2565
1962 3617
17924 1465
6878 3466
8448 4027
1611 2012
25107 3056
6037 4125
25511 5045
18790 1553
18791 1503
1078 1511
25516 2141
20373 984
22239 1648
20375 3414
1073 3180
21167 889
18225 1290
18227 694
1561 4571
18222 701
1674 976
1675 3101
23135 4061
25102 47
1670 4748
13008 606
1672 1860
8222 3384
22235 3677
8224 1318
1092 3852
1093 2843
12612 4374
676 241
8920 1474
1098 2549
22233 4373
3136 3023
18008 652
14809 3344
18000 4039
18001 847
10026 3628
18003 1659
7103 3863
20207 752
11879 4189
14747 3244
14746 465
23462 3790
17859 1994
1915 4495
7477 4655
17854 4203
7603 4568
4103 3979
17850 737
15695 4695
22894 3718
4643 5089
22618 4197
4104 3579
1322 4478
1323 3488
1321 1527
1327 2212
8969 4753
23770 582
23771 4979
23772 5133
5660 4501
23775 4402
23776 804
13556 146
6907 4826
12422 317
15435 1023
5144 3522
12425 3429
5769 1430
23576 85
23577 86
16155 4503
23714 1408
16338 4670
6908 4581
15186 4287
15187 3975
15184 79
8340 4684
15182 4912
19895 3053
5564 571
2072 1426
2394 2392
15188 3889
23241 3758
1254 492
1520 393
23175 2146
25585 1881
5466 4788
1258 2344
309 2804
17249 3630
15248 4289
3953 1744
22224 2923
302 1459
17248 3090
19447 3899
19446 1294
19445 695
15172 2754
4116 5220
11213 2294
21931 3662
4115 554
11216 3770
4110 4784
11215 5172
24753 1832
8352 632
21390 4671
2255 454
851 2884
18034 4583
19048 733
15235 693
8195 3121
17933 2699
12512 5035
7893 436
22311 5018
14379 3745
4372 4430
9306 2180
24444 1448
6411 3656
6868 4025
17240 2096
3820 4018
17934 1913
16521 2058
16523 4785
13035 4050
5184 2246
2476 3986
14153 4003
3059 2844
18288 4782
23950 3346
3056 455
22428 3887
23403 623
12637 676
14373 4033
22423 523
22421 546
15246 4614
22426 955
23409 1526
3204 3984
3055 3803
9265 411
25904 4320
3052 4419
4068 1562
4069 2176
11502 4237
14377 3493
12051 3811
5787 572
25115 4639
6863 706
2331 4396
16177 2830
21031 817
21030 3821
21032 1342
3607 1454
24593 4151
5363 2791
17782 4842
22927 4749
12050 5235
8623 4682
22046 627
12187 2472
3347 4751
8146 4101
24456 4849
20309 5162
1897 4407
12749 4155
25091 2097
16946 2938
12745 4632
5365 4529
25204 3486
12743 2509
12742 2326
10923 1838
19992 620
19223 4369
10926 2597
19997 953
19996 3709
15666 814
4265 4262
2350 1965
12160 3193
2356 3533
2355 4076
7309 3332
17453 2803
7281 2271
1048 3675
9458 1145
9459 3686
22435 5208
10672 5034
21968 473
9450 1482
10676 2119
17690 3837
4451 811
13346 2730
17696 4786
9143 2896
21144 3179
1896 671
4458 3362
3731 69
21142 888
2136 2801
2133 243
4697 1395
951 3298
950 2511
953 1181
12290 4242
12296 3859
18552 3831
17141 3832
24861 2654
21816 1606
21815 3010
21814 3827
21811 4807
11721 4735
7602 4880
6023 1991
9413 3615
20489 4098
14009 206
5162 4595
5164 1512
5166 1172
1859 2485
20148 1559
20149 780
14004 158
14007 205
20780 1945
20781 2989
20782 3856
20783 1967
20787 1175
17075 467
21491 954
1879 4330
21497 1406
9217 3788
21495 3385
16756 4161
22283 2669
12365 279
17588 3881
17589 2334
16853 1416
17584 3753
17585 4378
3420 493
17580 3752
16858 1793
12369 1645
17583 3142
12165 1483
2003 4207
12166 1788
12161 2841
23038 346
2004 1207
3851 4433
2009 3331
4583 10
14174 3526
14175 5006
9074 3428
9075 930
14170 3424
22285 4554
4302 2417
4771 3208
14843 4375
1855 4442
21563 2206
10456 633
18066 3631
21560 415
10458 1331
20560 4424
20562 293
8629 4353
5417 2622
6064 2047
21156 2832
25443 3477
11607 2458
14358 4964
20960 1195
8156 3333
8157 636
10588 1029
22375 3649
2997 3418
13167 4133
13164 2156
11182 1319
14351 935
2912 2299
23513 967
18677 895
18676 402
21579 4401
14357 2897
717 4488
715 2082
1796 22
915 3624
4958 4707
10039 174
21339 3851
17918 1202
7126 1241
20664 4836
7125 863
26019 5225
17911 2280
19879 4584
21154 4008
21558 4574
24499 2907
6301 3601
5302 226
6300 4326
18250 1077
13012 5014
18973 2995
1669 3067
18256 3210
1667 3044
2074 3726
1662 4971
1660 4862
20537 3849
593 437
11537 2821
15538 97
18152 2497
2607 1476
24270 1820
24271 1007
12981 3236
12980 340
10130 494
2826 3175
17345 3751
2823 852
3386 25
20217 3040
7638 4266
20215 2282
5411 1871
5412 1935
5413 2056
7632 3423
17861 4158
10133 4009
7636 4855
7637 2253
17865 4489
7635 1273
71 4623
24732 4702
3965 1140
10996 3727
1403 514
1407 362
20926 4668
1405 1245
1404 3828
14431 3848
449 1243
1339 318
9944 1876
4213 1494
11951 1568
24332 3500
23099 713
15401 5076
15400 1692
6934 522
8128 2017
5771 3047
19705 3819
5773 153
23092 1846
18109 344
8122 3471
23096 383
22938 5201
23461 4743
360 4878
5579 305
5578 535
5577 4112
5575 1166
5571 5082
5570 1549
12640 4182
3096 24
11028 4773
23149 2397
1248 513
23145 2365
3099 1326
25875 4152
25877 2295
25152 1677
15682 4346
339 67
1821 3989
23896 448
24334 4342
24252 3094
21450 2389
16743 3676
19184 1521
8349 2560
4102 1886
16729 4164
24250 3516
844 4047
11227 2991
22325 4762
24251 2548
11223 932
17739 3073
25405 1968
15249 1711
19059 137
3967 3943
17738 2711
19931 4118
24699 1170
24696 333
19051 2544
19052 639
15245 1285
15244 1284
15247 2605
9312 2988
25408 1678
4433 1528
25903 2847
25902 2066
24454 1344
3890 324
22309 1420
24451 2085
24453 1302
3291 3350
22436 1958
21029 2007
22433 2727
19520 4115
25304 3592
22439 770
19248 3433
6611 3562
6610 72
12627 440
12709 2576
17341 4285
21615 3408
7277 1790
6744 2816
10841 12
5953 1092
5957 3554
10847 4220
18161 1950
19454 859
5083 3282
3964 4179
5794 195
19450 4472
10499 4506
21755 2961
3200 4642
2560 2595
16340 5210
19528 4720
21027 2071
21024 4308
19525 138
21028 4102
19527 356
3632 3227
3633 3280
3630 1090
3631 2492
8891 5163
22051 3528
16624 1169
5084 3283
16622 4980
12192 4687
4269 2930
16621 3505
11405 2862
12193 4176
2341 2410
11402 339
12758 717
11400 1564
16728 4913
2348 1184
12751 5027
19980 3553
19233 1681
19234 921
232 2867
2562 3829
10936 4538
10931 1597
25491 1258
16994 504
21799 4300
21713 4885
25272 3115
25271 48
25487 4213
17467 4482
17465 1087
17464 4410
17463 3245
9441 3382
16802 4561
12286 1321
12287 479
25470 4886
21158 608
21159 3623
4466 1555
21157 728
7959 2993
21152 3928
25575 4996
13371 1516
1880 1444
2120 637
2123 4622
11401 200
2127 912
1556 3372
2342 3544
941 3547
19877 2021
11712 913
6039 2537
24877 3634
21806 430
17266 231
6033 2016
17268 182
11719 3063
6030 122
26100 218
6446 4600
6911 2265
10062 2908
5172 193
9207 1827
5175 625
15891 3086
2222 4692
8523 3542
6913 3272
20173 3993
2656 2546
2655 3730
2654 244
8530 3177
21379 683
3412 924
22937 547
3411 1630
17001 3394
7383 227
23939 1082
7386 3049
17277 3683
3418 1203
17006 2484
12370 1414
12373 1468
6918 3136
15898 4106
4868 631
15899 4669
21321 1719
13480 796
13483 3309
13482 4030
13485 2039
2010 3454
13486 5029
14102 400
18487 253
18488 2975
18489 3347
19457 2618
20519 781
11026 1388
24057 2065
20511 41
10445 4275
20513 2626
10115 433
20515 4988
10113 236
20517 2059
7444 789
21776 509
21777 2853
3561 630
13153 2473
22848 1433
21771 992
13521 4648
20683 864
14502 4667
21778 4292
21779 2249
8978 449
4485 2741
10590 222
14638 745
10597 34
4483 2304
8970 3974
17502 3129
8972 790
8973 4427
4488 4223
8976 4650
6190 3353
21798 2491
6857 1158
11467 5181
18668 2599
18669 4468
19451 4898
13355 4323
18667 2579
6859 3902
6858 422
15198 2207
20424 1638
88 1263
20333 5203
20421 58
8387 3366
14615 857
80 2099
81 2256
10253 730
85 2055
8526 2819
9921 5033
14353 2688
20196 1206
20191 1601
21657 3013
15774 5202
141 1610
18597 4236
13022 4324
1658 50
14924 746
18246 3679
13026 201
23300 4954
18245 4274
1653 263
13029 1107
10559 4273
1656 3838
20775 4172
6583 2223
19808 3661
15523 2073
15524 3349
23167 4589
580 1115
24002 2982
8206 1640
9327 4636
8200 1188
7625 1530
17875 2526
24203 3955
24202 4450
22920 4399
24204 2338
24207 3876
11082 176
20707 5228
11979 2355
18067 2208
18065 1807
5407 71
5406 5207
16014 4615
5402 3403
1430 1425
5400 1908
9732 1828
20229 1988
1981 4578
19801 3924
5409 4681
5408 3131
11806 2465
5231 5017
13470 2522
25676 3299
20030 1545
13971 1335
13970 2098
6737 4867
4263 3901
4264 4643
4468 1327
23552 1583
23553 4119
450 2581
1341 2891
1343 486
23558 1741
23559 223
1346 2800
1347 1434
17665 1637
8118 4675
3824 4019
15418 3947
15419 1617
4467 3064
15414 3603
15415 1489
15416 489
1989 4839
8116 2935
6920 2877
9870 837
9871 3707
7713 638
7712 397
7715 1473
14430 2020
7717 497
7716 3555
20650 1131
5543 1595
5541 194
5546 2129
5547 3363
5545 1660
25868 654
3387 4513
8596 1674
25863 2215
1508 602
23153 666
8592 1310
8593 4146
25864 2633
8376 1491
23883 2228
23880 714
23881 4113
8372 4611
22203 1211
4034 5040
11539 4803
8378 1766
17307 4243
315 4504
11231 2241
11233 3556
13801 1037
8579 3
2124 3611
1992 3843
15258 3119
15259 4499
12458 3690
15252 2783
15253 3473
15250 4388
15251 131
8446 4235
25916 215
25917 2533
25910 2532
25911 2339
22336 712
23093 4348
15800 5188
2080 2175
15218 4379
4650 2380
25319 1743
19081 3934
19080 3728
19739 4370
19738 139
25648 2028
19084 1649
8538 4471
16506 1626
19089 1797
16056 503
25316 958
13390 4924
20066 5191
23429 1799
11522 3170
6629 2919
6738 2213
6627 395
12615 4354
12614 2602
23420 3106
23303 4260
12611 2447
23423 1322
11713 2680
6702 1461
2247 4705
13711 1533
17612 2939
13713 870
13712 3548
13714 501
13717 4966
8449 4718
9895 948
19423 100
321 1162
24731 46
22645 5129
3977 408
9893 3017
8404 4251
6706 2704
25006 359
17681 3798
13992 3619
21017 1191
21016 2201
19553 5084
17935 5117
11971 4851
21012 101
19557 1974
21808 2430
9433 4028
7647 4216
9915 4166
16611 542
13404 3738
6031 3453
13625 4138
18286 919
2332 4459
11718 5104
13621 890
2335 1460
11416 2105
13622 1108
2338 1265
2339 2613
22599 1102
22598 390
14845 5239
13628 4613
26102 4659
16886 4939
25480 849
15793 3509
25482 4927
10942 575
16110 4051
25486 360
14319 3219
16475 1535
3716 3230
16471 2628
16470 106
15357 4350
17471 4552
17472 1437
9471 2137
3719 4824
11468 3253
22523 2408
19955 3564
19954 619
21169 2202
19956 4073
16270 3411
21162 2349
4472 26
13364 341
16278 2030
17670 918
25469 2103
7648 4267
2950 3919
2485 110
4673 2310
24474 4043
6008 3906
6009 2518
17273 1179
17276 2656
2952 266
17274 2488
17275 4896
26171 2551
26170 655
24845 347
24220 3249
11700 1566
24841 4261
26176 1891
20168 697
2465 406
9273 1727
21341 1878
21340 2708
24199 88
9209 4591
10055 675
10726 2609
5143 826
21705 184
9208 2646
122 2262
123 2166
124 3218
10117 4517
7534 4474
3409 533
20765 2138
17016 2650
17017 2384
17015 2810
4875 4222
16872 3705
4877 386
22244 3468
12389 1624
4870 624
6226 4170
22839 3589
12387 4114
12386 446
12380 739
26005 2060
26004 2199
12141 78
26006 4545
10615 1332
6317 1633
6315 2691
13493 1500
12149 2242
13496 1501
20243 1680
6442 3794
25321 2154
22109 3588
9098 1059
9099 75
9094 2173
9095 3200
17114 4097
9090 2360
9092 424
9093 2728
10439 3390
10438 3625
19350 2269
9656 1276
21588 3042
10825 2214
20774 622
21584 2347
21587 2116
9659 2678
10435 900
10341 4535
6443 2630
19356 2962
7247 3685
7246 2095
13142 369
20776 4058
18875 468
16659 3341
16483 4356
18879 2659
15374 5106
24888 5147
2666 3515
19605 3074
2664 995
8968 1144
4493 1042
9785 77
2661 334
9224 4973
7958 3441
16655 4805
13388 1854
13389 2787
18619 1153
25229 3725
6823 1233
6824 1753
6825 173
2938 4756
15880 1119
6828 1742
18613 4951
18612 920
8187 4582
4196 5075
20341 414
20434 3900
20435 1782
20432 141
11899 1532
20346 1297
25598 2682
14606 1749
18580 3038
18582 3648
10549 247
11891 1679
8211 1467
18586 3931
12644 4565
20184 1486
20182 734
12645 4153
21288 3958
23417 2675
14282 2698
8815 1688
14933 1311
14286 2534
25599 4508
18279 4280
18278 4768
18905 2205
18276 1306
18275 3430
16963 1130
13032 556
12641 2412
8219 364
18724 2914
1839 2513
18721 4012
18720 7
18051 443
11093 1951
573 1424
21289 2784
570 261
8215 2307
8742 2100
15081 823
574 1400
7650 3137
17800 3020
18297 2209
4366 5213
12968 708
17807 1289
17808 2666
3164 319
24219 3596
2806 4590
5629 4505
2805 2183
7096 3809
7094 4445
7095 1985
1425 850
7093 3645
5434 2933
7091 1250
19247 3930
20236 3212
8177 1670
20230 1983
4983 795
7098 2394
23418 4103
731 1739
13498 1646
733 1682
938 4852
735 5134
6170 4933
8179 3239
21634 2883
19892 5087
2001 3279
4273 2893
4272 4703
4245 5078
13966 3026
24852 3523
12256 3909
23529 1028
4242 5055
1350 3099
1356 168
21221 3444
5697 4963
5555 570
13481 2870
15399 700
18126 4477
18125 427
6482 2501
7384 3868
9862 1413
9865 4717
15396 4875
15395 3141
22021 4458
25856 3225
14424 2126
25854 897
25853 4250
4051 4185
25850 235
24506 2340
24504 4916
24503 2250
11148 612
8589 742
23864 2531
1519 1817
6534 4901
2409 4764
1511 3508
6776 5166
22048 4909
8365 459
8367 4746
8366 5230
8369 3005
3383 4475
13664 3267
12547 4121
12545 1515
23186 62
2223 4928
23637 581
13815 3771
13813 980
10522 4859
16011 3335
6556 1955
15066 1620
9018 5023
9774 5115
778 3674
9066 1174
6558 2876
19018 2756
3185 2476
3186 4998
24439 3847
6532 3258
14661 1718
22320 4526
22321 3550
24431 772
3188 3022
7475 2311
2455 2687
22100 2457
25678 4861
22457 102
22108 2854
16511 725
19724 922
16513 4760
19090 750
19723 1099
16040 4537
19093 816
7485 1384
22691 103
23989 1810
22693 3360
22696 1880
6631 1185
22699 2003
23452 104
6635 2776
23454 1239
12606 707
4019 3948
4018 4180
23811 5185
4013 2140
13703 1868
9039 4949
4017 3000
4015 2592
13705 1022
7504 124
19433 1736
7506 2987
24722 477
352 959
351 1918
350 3297
3980 2168
9889 538
3983 3315
19548 4790
16607 1767
19507 3570
8476 1853
16608 4183
16609 4935
19544 2081
19545 4831
10116 5120
17208 2330
14067 3301
22074 143
25130 3442
5119 4597
25721 2093
24462 5049
13673 3440
7854 4269
23855 17
4705 3654
13635 1675
4703 4514
2326 729
4700 830
2329 4744
2328 4629
23859 2693
23858 4130
20779 4484
4708 192
3618 2260
281 2135
16281 3058
283 1443
10956 1962
284 892
8676 4968
8871 3576
21821 3700
3765 1200
3766 3806
17207 917
21910 1360
1116 699
21178 1299
3754 4946
16266 2742
1292 4533
16264 3050
260 189
267 2468
25108 3823
19940 2899
16261 133
21772 3303
269 2010
17392 1357
17395 3647
17394 586
17396 828
5061 3712
6010 1412
6012 2806
19697 4063
4642 1812
2490 1548
4640 3432
4641 2924
4631 1328
8155 2336
3243 496
26168 1765
25582 2237
19890 413
2259 2796
7899 335
25589 786
11841 2660
17245 1252
7895 1063
7317 855
2250 495
164 4127
24183 2193
2475 1662
2474 987
9267 1759
17022 2651
17021 907
9264 2601
10041 3719
9269 878
4634 2793
5156 2694
115 4556
114 1183
7877 3967
113 3978
16230 2160
22917 2234
7878 4144
4639 3742
7024 3873
2785 4071
2784 2427
4638 2050
2783 1729
16727 3549
2789 2217
20813 2567
16234 3028
10602 5179
11604 157
10600 1499
10601 199
12158 4240
26013 3316
5667 4740
11602 2588
6305 3994
12155 389
6307 5028
12157 4239
11609 2936
2076 151
6303 2539
11939 3097
10134 434
20536 1027
21344 4227
20534 508
20533 964
20532 83
14128 354
24341 4060
14123 177
9082 2179
20538 3329
18417 5088
17731 4357
24835 1440
8058 4628
21596 4461
9316 2113
9647 1376
9314 2316
9313 1275
10427 33
9643 2763
3508 2411
8552 2107
5519 2780
18866 545
18867 1737
20654 5071
12551 3880
21754 1039
3501 2029
3502 2515
5087 4853
3507 2958
12032 2345
12554 4856
8557 3956
6832 1973
18608 5157
6830 274
16226 4771
6835 3595
14383 3796
18603 2707
18600 57
2922 657
14385 682
18605 607
14639 4969
10555 961
10552 1703
10550 307
18592 669
12034 5116
18596 4978
24728 3059
18595 2353
7280 5160
1985 3011
1982 3460
1983 5013
1174 4335
8000 3646
5738 2557
8054 4915
8823 2774
8824 326
15626 2835
18913 4358
18910 1361
19598 3769
18736 1902
12419 2957
18042 4412
16224 2429
10910 2944
18908 5233
8774 2061
18739 2915
14707 1251
3178 3461
163 2941
18282 3904
17817 3532
7645 2737
15659 286
3171 1684
15657 2722
3173 112
17819 4036
3174 1865
14709 2261
12971 56
13651 2255
20248 1422
19596 4528
7087 1776
21468 4780
1186 526
7088 4099
5427 1150
3372 267
727 2273
10918 3156
20772 3511
14619 3391
24128 5058
10919 1010
15384 2937
6494 1155
23530 3190
15387 3159
15382 2751
4249 1312
8178 764
4247 2857
13955 691
20422 4696
15388 3158
20892 1605
3442 4594
4241 988
82 4672
15478 3954
15479 2266
24846 4745
13683 4290
6943 2063
5529 2619
6941 1382
15477 2133
16742 2872
5497 2574
25844 1259
9414 4181
11175 156
14414 1366
46 260
25849 4322
14419 250
45 259
2298 5137
1549 4699
10356 4425
7468 4281
1560 4493
1293 4013
1563 3739
23506 3498
17419 3535
14171 5238
8398 4635
18870 3463
8391 3231
12806 944
8553 3259
12552 4759
12553 2598
12802 4029
12803 2717
23628 549
12801 4789
8558 4965
17118 4532
23622 2004
23623 3311
23620 3499
23621 4813
16837 2887
6544 1936
6543 3540
5639 2517
6541 3125
1860 4245
5634 836
5636 2589
22318 5146
16347 1380
5632 4888
4106 4840
3197 740
3196 3853
3195 4068
3194 1906
3193 2195
25934 1602
17683 4148
25937 3985
25931 840
3199 3569
16429 1843
