#original_node converted_node 
5988 6019
5989 6020
5982 6013
5983 6014
5980 6011
5981 6012
5986 6017
5987 6018
5984 6015
5985 6016
6294 5925
270 896
271 897
272 898
273 899
274 900
275 901
276 902
277 903
278 904
279 911
2143 697
2142 696
3519 3614
3518 3613
3513 3608
3512 3607
3511 3606
3510 3605
3517 3612
3516 3611
3515 3610
3514 3609
2688 2050
2689 2051
2684 1991
2685 1992
2686 1993
2687 2049
2680 2021
2681 2022
2682 2023
2683 2024
99 377
98 376
91 263
90 358
93 359
92 101
95 361
94 360
97 363
96 362
1177 2767
1176 2571
1175 2766
1174 2765
1173 2764
1172 2763
1171 1535
1170 2757
1179 2769
1178 2768
1610 1657
3430 3490
877 1776
3432 3492
1227 947
875 1774
622 1735
872 615
621 747
873 852
620 1734
3436 3496
627 1044
871 643
626 1739
4592 4770
625 1738
2036 433
624 1737
4590 4766
4591 4769
4596 4774
4849 5011
4594 4772
4595 4773
2749 2174
4845 5008
4846 1650
4599 4659
4734 4905
4735 4909
2039 408
2038 407
4738 4124
4739 4912
393 1227
392 1226
391 1225
390 475
397 1231
396 1230
395 1229
394 1228
399 1250
398 1232
2309 1128
2308 1127
4729 4902
4728 4901
2301 1091
2300 1113
2303 1093
2302 1092
2305 1095
2304 1094
2307 1097
2306 1096
5847 5899
5846 5901
5845 5900
5844 5898
5843 5897
5842 5896
5841 5895
5840 4333
5849 5093
5848 5092
3748 3914
3749 3903
3746 3912
3747 3913
3744 3910
3745 3911
3742 3908
3743 3909
3740 3901
3741 3902
4620 4798
4621 4799
4622 4800
4623 1931
4624 1932
4625 4808
4626 4801
4627 4802
4628 4803
4629 4804
179 34
178 625
177 43
176 42
175 492
174 140
173 624
172 606
171 605
170 604
6217 6232
6216 6231
6215 6230
6214 6229
6213 6228
6212 6227
6211 6226
6210 6225
6219 6234
6218 6233
1985 343
1601 3375
1768 3631
1769 3632
1762 2224
1763 2967
1760 2496
1761 3620
1766 652
1767 3058
1764 1471
1765 2968
692 1865
693 1216
690 1847
691 1864
696 487
697 637
694 1876
1541 1302
698 488
699 1877
1548 3305
1549 3306
1982 261
5618 5697
5619 5698
5719 5779
5612 5692
5613 5693
5610 5690
5611 5691
5616 5696
5617 5685
5614 5694
5615 5695
3580 3720
258 22
259 868
252 65
253 522
250 63
251 64
256 641
257 867
254 866
255 640
4665 4840
3689 3851
3688 3850
3683 3845
3682 3844
3681 3630
3680 3629
3687 3849
3686 3848
3685 3847
3684 3846
2518 1606
2519 983
2514 1591
2515 1592
2516 1604
2517 1605
2510 1585
2511 1586
2512 1587
2513 1588
3531 3642
3530 3638
3533 3639
3532 3643
3535 3641
3534 3640
3537 3652
3536 3651
5054 5219
3538 3653
5056 4212
5057 5225
5050 5209
5051 5171
5052 5218
5053 5306
1159 2728
1158 2727
1155 2726
1154 2725
1157 335
1156 1980
1151 2127
1150 531
1153 2222
1152 2221
4299 4481
4298 4480
4295 4471
4294 4470
4297 4475
4296 4474
4291 4472
4290 4465
4293 4469
4292 4473
4749 4924
4748 4923
4743 4906
4742 4915
4741 4914
4740 4913
4747 4922
4746 4921
4745 4908
4744 4907
5869 5921
5868 5457
5865 5912
5864 5911
5867 5914
5866 5913
5861 5908
5860 5907
5863 5910
5862 5909
2183 807
2182 806
2181 805
2180 771
2187 811
2186 810
2185 809
2184 808
4606 4783
4607 4784
2189 813
2188 812
4602 4779
4603 4780
4600 4777
4601 4778
151 571
150 557
153 572
152 298
155 574
154 573
157 576
156 575
159 578
158 577
6187 6210
6186 6209
6185 6208
6184 6207
6183 6206
6182 6197
6181 4122
6180 6194
6189 6200
6188 6211
2727 2115
2726 2114
2725 2113
2724 2112
2723 2018
2722 2017
2721 2016
2720 2015
2729 2128
2728 2116
6239 6251
6238 6250
6235 6249
6234 6248
6237 6185
6236 6253
6231 6246
6230 6245
6233 6247
6232 4227
818 614
819 1619
810 2120
811 2121
812 2122
813 582
814 1233
815 2123
816 2124
817 2031
1700 155
1701 156
5265 5392
1703 157
1704 969
1705 2180
5261 5388
5260 5387
1708 2183
1709 2184
2097 520
5269 5395
5268 5394
2096 519
2091 553
4575 4754
2093 516
4577 4756
3029 1281
3028 2447
3027 2719
3026 2718
3025 2717
3024 2716
3023 2715
3022 2671
3021 2670
3020 2669
4198 4381
4199 4382
4196 4379
4197 4380
4194 4377
4195 4378
4192 4375
4193 4376
4190 4373
4191 4374
5670 5733
5671 5734
5672 5633
5673 5735
5674 5736
5675 5740
5676 5741
5677 5742
5678 5737
5679 5738
473 1106
238 570
239 799
234 787
235 788
236 797
237 798
230 783
231 784
232 785
233 786
4680 4855
4681 4856
1537 3280
2538 1676
2539 1672
2532 1280
2533 1667
2530 1665
2531 1666
2536 1680
2537 1681
2534 1579
2535 1679
5078 5243
5079 5244
5072 5234
5073 5235
5070 5236
5071 5237
5076 5238
5077 5241
5074 5239
5075 5240
939 2330
938 2172
933 2325
932 2324
931 2323
930 1099
937 2329
936 2328
935 2327
934 2326
5380 5485
5381 5493
5382 5480
5383 5481
5384 5502
5385 5503
5386 5497
5387 5498
5388 5499
5389 5500
797 2106
2147 715
795 2105
794 2104
793 2103
792 2102
791 2101
2410 1326
2145 699
799 1290
798 1797
2144 698
2415 1331
2414 1330
1139 2697
1138 2696
2417 1346
1133 2690
1132 1567
1131 2689
1130 2688
1137 871
1136 2695
1135 2694
1134 2693
2419 1348
4975 5141
2149 717
4973 2375
1535 481
2882 2438
2883 2443
2880 2436
2881 2437
2886 2446
2887 2458
2884 2444
2885 2445
2888 2459
2889 2460
2 2
3276 3149
3277 3150
1922 179
1923 180
1924 181
3273 3160
1926 183
1927 184
4761 4938
4760 4937
4763 4940
4762 4939
4765 4942
4764 4941
4767 4944
4766 4943
4769 4946
4768 4945
1534 2984
5808 4434
5803 5864
5802 5862
5801 5861
5800 5860
5807 4433
5806 4432
5805 5863
5804 5865
685 1839
1572 3340
687 1841
1570 2351
1577 3348
1576 3342
683 1837
1574 3341
4888 5044
4889 5045
2709 2045
2708 2044
4880 5037
4881 5038
4882 5039
2706 2083
2701 2075
2700 2074
2703 2077
4887 5043
6259 6264
6258 6263
6253 6261
6252 6181
6251 6180
6250 6179
6257 6269
6256 6268
6255 6267
6254 6262
475 1418
3474 3554
3475 3555
3476 3562
3477 3542
3470 3540
3471 3541
3472 3552
3473 3553
838 930
839 2162
3478 3543
3479 3544
5249 5385
5248 5384
1728 545
1729 3569
5245 5372
5244 5371
5247 5383
5246 5382
5241 3082
1723 3564
1720 2628
1721 3559
3005 2702
5487 3084
3007 2704
3006 2703
3001 2683
3000 2682
3003 2700
3002 48
3009 2709
3008 2705
1588 3360
3312 1610
1582 3352
5483 635
1580 3351
1581 1910
1586 3359
1587 1061
1584 3357
1585 3358
5481 5585
5480 5584
5658 5731
5659 5732
5656 5729
5657 5730
5654 5727
2416 1345
5652 5726
5653 4332
5650 5724
5651 5725
3917 4078
3916 4077
3915 4076
3914 4075
3913 4058
3912 4057
3911 4056
3910 4055
3919 4080
3918 4079
3287 3170
216 739
217 740
214 737
215 738
212 735
213 736
210 734
211 364
218 756
219 299
6088 6105
6089 6106
6086 6104
6087 2334
6084 6102
6085 6103
6082 6100
6083 6101
6080 6098
6081 6099
3649 3821
3648 3820
3647 3819
3646 3818
3645 3817
3644 3816
3643 3815
3642 3814
3641 3813
3640 3812
2550 1729
2551 1730
2552 1740
2553 1741
2554 1742
2555 1703
2556 1704
2557 1705
2558 1714
2559 1715
5010 5176
5011 5177
5012 5178
5013 1276
5014 1277
5015 1278
5016 5179
5017 5180
5018 5181
5019 5183
4419 4594
4418 4593
4417 4598
4416 4597
4415 4596
4414 4592
4413 4591
4412 4590
4411 2339
4410 2338
919 840
918 839
915 836
914 365
917 838
916 837
911 2281
910 1668
913 2283
912 2282
796 1771
630 1744
631 1750
632 928
1211 2835
1216 2838
635 1752
636 1766
1215 2837
1447 3201
1110 2660
1113 2663
1444 3136
1115 2664
1114 773
1441 1883
1116 2665
1119 2674
1118 2673
1449 3203
1448 3202
4859 5023
2005 275
4857 5019
4584 4627
2008 277
4854 4955
4581 4760
790 922
4852 5014
4725 4896
4583 4763
4724 4895
4850 5012
4727 4900
4726 4897
4721 4892
4720 4891
4723 4894
4789 4966
4788 4965
4787 4964
4786 4963
4785 4962
4784 4961
4783 4960
4782 4959
4781 1385
4780 4958
5821 5870
5820 5869
5823 5065
5822 5871
5825 5880
5824 5879
5827 5874
5826 5881
5829 5882
5828 5875
199 703
198 702
195 679
194 678
197 701
196 680
191 667
190 315
193 677
192 676
2769 2214
2768 2213
2763 2207
2762 2235
2761 87
2760 2233
2767 2212
2766 2211
2765 2209
2764 2208
6271 6279
6270 6272
6273 6281
6272 6280
6275 6283
6274 6282
6277 6287
6276 6286
6279 4487
6278 6288
3452 3524
3453 3525
3450 3522
3451 3523
3456 3533
3457 3534
3454 3526
3455 3532
3458 3535
3459 1966
858 2179
859 2185
6 6
5229 5122
5228 5362
5223 5358
5222 5356
5221 5355
5220 5354
5227 5361
5226 5360
5225 5357
5224 2137
3063 2803
3062 2802
3061 2801
3060 2800
3067 2821
3066 628
3065 211
3064 2804
3069 2823
3068 2822
4817 4995
4816 4994
1304 877
1305 878
1306 879
1307 2975
1300 873
1301 874
1302 875
1303 876
1308 2976
1309 1856
498 1484
499 1500
494 746
495 1481
496 1482
497 1483
490 1478
491 23
492 1479
493 1480
3939 4100
3938 4099
3935 4096
3934 4095
3937 4098
3936 4097
3931 4092
3930 4091
3933 4094
3932 4093
3265 3128
4044 4216
4045 4232
4046 4233
4047 4234
4040 4220
4041 4211
4042 4214
4043 4215
4048 4235
4049 4236
3665 3836
3664 3835
3667 3838
3666 3837
3661 3832
3660 3831
3663 3834
3662 3833
3669 3509
3668 3839
5582 5665
2578 1821
2579 1822
2576 1818
2577 1819
2574 1795
2575 1796
2572 1793
2573 1794
2570 1802
2571 1803
3593 212
3592 3716
3591 3715
3590 1068
3597 3740
3596 3739
5038 5200
3594 3737
5036 5195
5037 5196
5034 5206
5035 5207
5032 5204
5033 5205
5030 5202
5031 5203
4435 4610
4434 4614
4437 4617
4436 4616
4431 4603
4430 4602
4433 4613
4432 4604
4439 4621
4438 3962
977 1242
976 741
975 97
974 2420
973 2419
972 2418
971 2417
970 2416
979 1641
978 2424
5809 5866
5414 3288
5415 5529
5416 5530
3385 3404
5410 5520
5411 5523
5412 5527
5413 5528
1681 3478
1680 3477
1683 3499
1682 1663
1685 3501
1684 3500
1687 3503
1686 3502
1689 2059
1688 583
5419 5531
1469 3222
1468 3221
1465 3219
1464 3218
1467 3220
1466 513
1461 3215
1460 3214
1463 3217
1462 3216
4239 4406
4238 4405
4237 4415
4236 4414
4235 4412
4234 4411
4233 4410
4232 4409
4231 4408
4230 4407
5591 5671
5590 5670
5593 5673
5592 5672
5595 5675
5594 5674
5597 5677
5596 5676
5599 5679
5598 5678
319 1016
318 920
313 1012
312 1011
311 943
310 1010
317 1015
316 1014
315 1013
314 772
443 966
1334 1145
1337 318
440 1372
447 1377
446 546
445 1376
1332 424
2299 1112
2298 1111
2293 1103
2292 1102
2291 1089
2290 1088
2297 1110
2296 1109
2295 1105
2294 1104
6299 6300
6298 6299
6297 6298
6296 6296
6295 5926
5578 5661
6293 5924
6292 5923
6291 6295
6290 6289
5574 5656
4672 4847
3438 3498
3439 3505
878 1387
879 2236
876 1775
3431 3491
874 1773
3433 3493
3434 3494
3435 3495
870 142
3437 3497
2741 2196
2740 2195
2743 2198
2742 2197
2745 2201
2744 2200
2747 2203
2746 2202
4844 2135
2748 2173
4598 4776
4847 5009
4840 4932
4841 4933
4842 4934
4843 4935
5201 5336
5200 5335
5203 5338
5202 5337
5205 5340
5204 5339
5207 5342
5206 5341
5209 633
5208 5343
3049 2762
3048 2761
3041 2736
3040 2735
3043 2738
3042 2737
3045 2758
3044 2521
3047 2760
3046 2759
1094 2649
1095 989
1096 548
1097 13
1090 1363
1091 2647
1092 2648
1093 988
1912 129
1098 2650
1099 2651
1322 1100
1323 2148
1320 2441
1321 931
1326 1792
1327 2151
1324 2149
1325 2150
1328 2152
1329 1557
3959 4134
3958 4133
3953 4129
3952 4128
3951 3171
3950 4117
3957 4132
3956 297
3955 4131
3954 4130
1546 3174
4062 4245
4063 4247
4060 4243
4061 4244
4066 4249
4067 4111
4064 4248
4065 4246
4068 4250
4069 4251
5784 5850
5785 3087
5786 3088
5787 3089
5780 4589
5781 5846
5782 5847
5783 5849
5788 3090
5789 5852
3603 3744
3602 3743
3601 3747
3600 3746
3607 3761
3606 3760
3605 3759
3604 3745
3609 3753
3608 3762
4593 4771
4453 4633
4452 4632
4451 4631
4450 4630
4457 4628
4456 4635
4455 1542
4454 4634
4459 4641
4458 4636
959 2363
958 2362
951 1218
950 2342
953 2359
952 2358
955 945
954 2360
957 150
956 2361
1544 3298
717 95
4969 5138
4968 5137
716 1950
2178 769
2179 770
1669 26
1668 3461
1667 3458
1666 3457
1665 3456
1664 3450
1663 3449
1662 3448
1661 2343
1660 3447
591 1686
590 1685
593 1688
592 1687
595 1690
594 1689
597 1692
596 1691
599 1694
598 1693
2828 2357
2829 2344
2824 2353
2825 2354
2826 2355
2827 2356
2820 2305
2821 2319
2822 2320
2823 2321
3386 3419
3387 3420
3384 3403
5417 4418
3382 3394
3383 3395
3380 3401
3381 3402
5418 4419
5795 3922
3388 3421
3389 3414
1409 3111
1408 2205
1403 3141
1402 2080
1401 3118
1400 3117
1407 3145
1406 3144
1405 3143
1404 3142
4215 4393
4214 4392
4217 4395
4216 4394
4211 4389
4210 4388
4213 4391
4212 4390
5790 5853
4219 4397
4218 4396
1545 3299
1542 3296
1543 3297
3261 3140
1540 2371
5579 5662
3260 3139
5577 5654
5576 5658
5575 5657
695 1333
5573 5655
5572 5456
5571 1616
5570 1615
3262 3125
5799 5859
1937 227
5798 5858
3264 3127
339 1058
3267 3130
335 1055
334 1054
337 1057
3266 3129
331 1051
330 1027
333 1053
332 1052
3269 3156
5125 5217
5126 5271
5127 5272
5002 5165
3195 3016
3200 2996
1497 3248
6109 6122
6108 4121
6107 6127
6106 6126
6105 6125
6104 6121
6103 6120
6102 6119
6101 6118
6100 6117
3416 3465
3417 3466
3414 3463
3415 3464
3412 3454
3413 3462
3410 3452
3411 3453
3418 3467
3419 3479
4868 4430
4869 5029
2019 397
2018 388
2015 374
2014 340
2017 384
2016 375
2011 369
2010 368
2013 371
4865 5021
1348 2971
459 1400
450 1390
451 1391
1342 1536
453 1393
1344 2792
1345 2969
1346 2970
1347 1849
2157 726
832 2157
833 2158
752 2037
4008 4183
4009 4184
4000 4179
4001 4180
4002 4181
4003 4182
4004 4170
4005 4171
4006 4172
4007 4173
3971 4150
3970 4139
3973 4152
3972 4151
3975 4154
3974 4153
3977 4147
3976 4155
3979 4148
3978 4156
3629 3793
3628 3804
3621 3783
3620 3782
3623 3785
3622 3784
3625 3801
3624 3800
3627 3803
3626 3802
4479 4655
4478 4654
2955 2573
4471 4657
4470 4649
4473 4645
4472 4658
4475 4662
4474 4646
4477 1611
4476 4663
2953 1648
2464 1485
2465 1486
2466 1487
2467 1303
2460 1460
2461 1461
2462 1466
2463 1467
2468 1304
2469 1305
5347 5463
1021 24
1020 685
5342 5516
5343 4059
5348 5460
5349 5461
1645 2666
1644 847
1647 3424
1646 3423
1641 1924
1640 3412
1643 3422
1642 3029
1649 3428
1648 3427
579 1528
578 464
573 1553
572 1134
571 1552
570 1631
577 1527
576 1556
575 1555
574 1554
2808 2290
2809 2306
4956 5119
2802 2300
2803 2301
2800 2298
2801 2299
2806 2288
2807 2289
2804 2286
2805 2287
1421 3162
1420 3161
1423 3164
1422 3163
3368 3368
5437 4206
1427 1670
1426 1745
3364 3364
3365 3365
3366 3366
3367 3367
3360 3318
3361 3319
3362 3320
3363 3321
4273 4457
4272 4456
4271 4448
4270 4447
4277 4460
4276 4459
4275 4123
4274 4458
1201 2806
4279 4463
4278 4462
608 1707
5555 5639
4862 5026
5557 5643
5556 5642
5551 5636
5550 5635
5553 5634
4863 5027
5559 5645
4860 5024
4861 5025
4866 5016
4867 5028
4864 5020
2012 370
5129 5285
5883 5936
5882 5890
5881 5614
5880 1756
5887 5937
5886 5940
5885 5939
5884 5458
5889 5174
5888 5938
5873 5929
5875 5931
357 1123
356 1122
355 1121
354 1120
353 38
352 963
351 351
350 1082
359 1125
358 1124
6125 6139
4855 5017
6127 6141
6126 6140
6121 4126
6120 6136
6123 6137
6122 4127
6129 6143
6128 6142
2190 668
4632 4807
2192 815
4630 4805
2259 999
2258 998
2257 997
2194 373
2255 991
2254 86
2253 990
2252 972
2251 971
4636 4809
3224 3066
4635 3172
4634 4812
4800 4979
4801 4980
4802 4975
4803 3460
4804 4981
4805 4982
4806 4125
4807 4983
4808 4984
4809 4985
2789 293
2788 2293
2079 499
2078 498
2073 485
2072 484
2071 483
2070 482
2077 491
2076 494
2075 486
2074 77
3220 3060
3223 3039
5371 5488
3222 3062
4398 4558
4399 4575
4390 4582
4391 4583
4392 4584
4393 4553
4394 4554
4395 4555
4396 4556
4397 4557
3197 3018
1367 2223
1364 254
3194 3000
1362 3045
1363 3046
1360 3035
3190 3026
478 1442
479 1443
1368 3047
1369 3048
4026 4201
4027 4203
4024 4199
4025 4200
4022 4197
4023 4198
4020 4195
4021 4196
4028 4204
4029 4205
3999 215
3998 214
3997 4169
3996 4168
3995 4167
3994 4166
3993 4165
3992 4164
3991 4163
3990 3993
298 961
299 962
296 959
297 960
294 957
295 958
292 955
293 956
290 953
291 954
587 992
2442 1398
2443 1367
2440 1389
2441 1397
2446 1370
2447 1410
2444 1368
2445 1369
2448 1411
2449 1412
5486 5581
5485 5580
1436 3180
1437 3074
1434 1963
5482 5586
1435 1987
1432 1749
3394 3425
1991 349
1990 348
1993 238
1620 926
1995 240
1994 239
1625 3396
1996 241
1999 244
1998 243
1629 1662
1628 1866
3209 3049
3208 3038
5058 5226
5059 5227
2860 2413
2861 2414
2862 2421
2863 2422
559 387
558 693
2866 2427
2867 2428
555 1598
554 642
557 1614
556 1599
551 1596
550 1595
553 1597
552 921
3539 3654
5409 5519
5055 5220
5408 5518
1199 152
1198 248
3348 3263
3349 3264
1191 2514
1190 2786
1193 523
1192 2793
1195 1944
1194 246
3344 629
1196 247
4259 4442
4258 4441
4251 4435
4250 4427
4253 4437
4252 4436
4255 4438
4254 1284
4257 4439
4256 4440
5533 5622
5532 5620
5531 5619
5530 5621
5537 5917
5536 5625
5535 5624
5534 5623
5539 5919
5538 5918
458 1399
1349 845
4263 4334
5100 5264
1340 2790
1341 2791
452 1392
3834 3994
3835 3995
3836 3996
3837 3997
3830 3986
3831 3987
3832 3988
3833 3989
454 1394
3838 3998
3839 4003
455 1395
456 1365
457 1396
3206 3036
379 1162
378 965
371 1156
370 1083
373 1158
372 1157
375 1160
374 1159
377 1161
376 1059
5107 2543
6143 6163
6142 6162
6141 6161
6140 6160
6147 6167
6146 6166
6145 6165
6144 6164
6149 6169
6148 6168
5104 5268
3204 3015
3203 3031
5549 5632
2275 1049
2274 1048
2277 1036
2276 1050
2271 1033
2270 1032
2273 1047
2272 1034
2279 1038
2278 1037
5543 5626
3201 2997
5545 5628
2051 455
2050 451
2053 457
2052 456
2055 459
4539 632
2057 468
2056 460
2059 470
2058 469
4824 4929
4825 3081
4822 4998
4531 4707
4532 4637
4821 4997
3783 3932
5899 5943
5421 5533
414 889
415 1265
416 1266
417 1267
410 1263
411 581
412 712
413 1264
1384 3071
1385 2839
1386 3072
1387 3073
418 1268
419 1269
1382 2798
1383 1219
5461 5568
1775 2194
5460 5567
1774 3637
1777 2382
5277 4505
5270 5396
1770 3633
5463 5570
5272 5398
5273 5406
5420 5532
5462 5569
5278 5405
5279 5400
5465 5572
5464 5571
2428 1358
2429 742
2420 1349
2421 1350
2422 1352
2423 1353
2424 1354
2425 1355
2426 1356
2427 1357
5467 5574
3461 3537
5466 5573
3460 3536
1814 1273
1815 3679
1816 3680
1817 3059
1810 3667
1811 3668
1812 1468
1813 3669
1818 3681
1819 3682
2165 754
4953 93
2167 173
1609 2008
1608 3293
2166 755
3229 3093
3228 3092
1979 258
1978 257
3225 3067
1600 1923
1975 313
3226 3068
3221 3061
1972 310
1607 1380
1970 308
2163 752
4955 5118
2848 2398
2849 2399
2846 2335
2847 2397
2844 2395
2845 2396
2842 2367
2843 2368
2840 2365
2841 2366
3320 3234
3321 3235
3322 3236
3323 2858
3324 3242
3325 3243
3326 3253
3327 3254
3328 3271
3329 3272
5478 5582
5479 5583
5519 2796
5518 2795
5511 5604
3038 2733
5513 5606
5512 5605
5515 5608
5514 5607
5517 4507
5516 4506
1559 3328
537 1568
536 1551
535 1550
534 290
533 1549
532 1469
531 607
530 1548
539 1570
538 1569
1908 98
1909 99
3294 3185
3295 3175
3296 3176
1905 56
1902 29
3291 3182
5131 5287
1901 28
3812 3973
3813 3974
3810 3955
3811 3956
3816 3977
3817 3968
3814 3975
3815 3976
3818 3969
3819 3970
6169 6182
6168 4226
6161 6153
6160 6152
6163 6155
6162 6154
6165 6157
6164 6156
6167 6177
6166 6158
2213 862
2212 861
2211 860
2210 857
2217 791
2216 865
2215 864
2214 863
2219 793
2218 792
6137 6148
4518 4709
4519 4710
4512 4694
4513 4695
4510 4692
4511 4693
4516 1613
4517 4708
4514 4696
4515 1612
5289 4417
5288 5414
5281 5402
5280 5401
5283 5403
5282 5399
5285 5412
5284 5411
5287 5409
5286 5413
4722 4893
2989 2607
2988 2606
2983 2634
2982 2633
2981 2632
2980 2631
2987 2605
2986 2641
2985 2640
2984 540
1018 1002
1019 1292
1014 2510
1015 2511
1016 2512
1017 2513
1010 2506
1011 2507
1012 2508
1013 2509
4358 4546
4359 3284
4354 4529
4355 4530
4356 4531
4357 4545
4350 4525
4351 4526
4352 4527
4353 4528
438 1343
439 1371
436 1341
437 1342
434 1339
435 1340
432 1114
433 1338
430 1336
431 1337
5708 5769
5709 5770
5704 5768
5705 5772
5706 5773
5707 5774
5700 5756
5701 5757
5702 5767
5703 5771
5357 5471
5356 5470
5355 5469
5354 5468
5353 5464
5352 5467
5351 5466
5350 5465
1832 3704
1833 104
1830 3703
1831 514
1836 127
3798 3958
1834 3708
1835 3709
3795 3960
3794 3959
1838 3710
3796 3961
3791 3949
3790 3948
3793 3951
3792 3950
4981 5152
4980 1545
4983 5154
2405 1320
4985 5146
4984 5145
4987 5148
4986 5147
4989 5150
4988 5149
2158 727
2159 728
2408 1323
2409 1325
1955 303
1954 144
1957 305
1956 304
1951 270
1950 255
1953 302
1952 271
1959 249
1958 306
3249 3095
3248 3094
3243 3120
3242 3119
3241 3044
3240 3043
3247 3124
3246 3123
3245 3122
3244 3121
4925 5083
1483 3240
1482 1559
1481 2193
1480 3239
1487 1423
1486 405
1485 1422
3309 1429
3306 1275
3307 3210
5496 5185
1488 1424
3302 3187
3303 3188
3300 3193
3301 3194
1270 2911
1271 2912
610 1708
1273 2913
1274 532
1275 1669
2060 471
614 177
2061 472
615 1711
2062 473
2063 477
2064 47
2065 439
519 1521
518 1520
2066 440
511 1510
510 453
513 850
512 1511
515 1513
514 1512
517 1519
516 1518
623 1736
1226 2850
1225 2849
1224 2141
1223 2140
1222 2848
1221 2548
1220 2847
629 521
628 1743
1229 2851
1228 2381
3878 4034
3879 3990
3870 4024
3871 4025
3872 4026
3873 4027
3874 149
3875 4031
3876 4032
3877 4033
4167 4347
4166 4346
4165 4343
4164 4342
4163 4341
4162 4345
4161 4344
4160 4340
4169 4349
4168 4348
2239 939
2238 938
2231 892
2230 891
2233 894
2232 893
2235 927
2234 895
2237 145
2236 936
5937 5124
5936 5976
5935 5975
5934 5974
5933 5973
5932 5972
5931 4728
5930 5971
5939 5126
5938 5125
4608 4785
3498 3587
3499 3588
3496 3576
3497 3586
3494 3574
3495 3575
3492 3572
3493 3573
3490 3568
3491 2372
2095 518
2094 517
4572 4752
4573 4721
4574 4753
2090 552
4576 4755
2092 515
4578 4757
4579 4758
2099 533
2098 558
4605 4782
3 3
1038 2569
1039 2570
1032 1804
1033 2564
1030 1171
1031 2539
1036 2567
1037 2568
1034 2565
1035 2566
4378 4564
4379 4565
4372 4559
4373 4174
4370 4551
4371 4552
4376 4562
4377 4563
4374 4560
4375 4561
4080 4085
4081 4261
4082 4262
4083 4263
4084 4264
4085 4266
4086 4267
4087 4265
4088 4231
4089 4268
5728 5786
5729 5787
5722 5782
5723 5783
5720 5780
5721 5781
5726 5784
5727 5785
5724 4087
5725 5788
2396 1311
2397 1312
2394 1309
2395 1310
2392 1262
2393 1288
2390 683
2391 684
2398 1313
2399 1314
1858 3750
1859 3751
5693 5754
1850 995
1851 3734
1852 2720
1853 3735
1854 1678
1855 3736
1856 3748
1857 3749
2172 776
2173 777
2170 176
2171 775
2176 780
2177 768
2174 778
2175 779
4967 5136
4966 5135
4965 5134
4964 5133
4963 5132
4962 5129
4961 5128
4960 5127
5432 5542
5694 5755
5433 5543
5695 5758
5430 5540
1933 192
1932 191
1931 190
1930 189
5128 5273
1936 195
1935 194
1934 193
5124 5216
3268 3131
1939 229
1938 228
5120 5281
5121 5282
5122 5283
5123 5284
5434 5524
5435 5525
1429 1746
1428 466
5438 5545
5439 5546
605 1698
604 713
607 1706
606 1699
601 1695
600 905
603 1697
602 1696
1205 2809
1204 2808
1207 2811
1206 2810
609 1203
1200 2805
1203 2807
1202 924
465 1406
464 1405
467 1408
1350 1820
461 1402
460 1401
463 1404
462 1403
5554 5638
5552 5637
4149 4316
4148 4315
4145 4312
4144 4311
4147 4314
4146 4313
4141 4325
4140 4329
4143 4310
4142 4326
3856 4015
3857 4016
3854 4002
3855 4014
3852 4000
3853 4001
3850 4010
3851 3999
3858 4017
3859 4019
5919 5965
5918 5958
5915 5957
5914 5956
5917 5959
5916 3290
5911 5955
5910 5954
5913 5953
5912 5952
4558 4741
4559 4742
4556 4739
4557 4740
4554 4734
4555 4735
4552 4725
4553 4733
4550 4732
4551 4724
6077 6095
6076 6094
6075 6093
6074 6092
6073 6091
6072 6090
6071 4729
6070 6089
6079 6097
6078 6096
2617 1899
2616 1898
2615 1897
2614 1896
2613 1894
2612 1893
2611 1892
2610 1875
2619 1901
2618 1900
5425 5537
5424 5536
5427 5539
740 1719
741 1997
742 1998
743 1999
744 2000
745 2001
746 1761
747 1762
748 1763
749 1764
5426 5538
2949 2562
2948 2561
2947 2560
2946 2559
2945 2558
2944 2557
2943 2556
2942 2555
2941 1753
2940 2554
1050 85
1051 2592
1052 1066
1053 2593
1054 2389
1055 2577
1056 1895
1057 2597
1058 2598
1059 2599
5359 5473
5358 5472
4310 4492
4311 4493
4312 4494
4313 4495
4314 4496
4315 4413
4316 4497
4317 4498
4318 1644
4319 1645
5423 5535
3119 2897
3118 2902
3117 2900
3116 2899
3115 2898
3114 2901
3113 2891
3112 1755
3111 2646
3110 2645
5422 5534
5740 5792
5741 5793
5742 5794
5743 5795
5744 5796
5745 5797
5746 5798
5747 5807
5748 5808
5749 5810
5267 5123
5266 5393
1702 102
5264 5130
5263 5391
5262 5389
1706 2181
1707 2182
2136 687
5794 5857
1603 3377
7 7
1602 3376
1605 3378
2378 1247
2379 1248
2374 1243
2375 1244
2376 1245
2377 1246
2370 673
2371 674
2372 675
2373 1170
1876 3786
1877 3787
1874 3780
1875 3781
1872 3779
1873 2142
1870 1817
1871 3778
2133 656
1878 3788
1879 3789
4945 544
4944 543
4947 5111
4946 5110
4941 5107
4940 5106
4943 5109
4942 5108
4949 5113
4948 5112
2118 620
2119 621
6041 6064
2110 590
2111 591
2112 592
2113 593
2114 594
2115 595
2116 618
2117 619
1919 108
1918 107
5108 2544
5109 5274
3289 3114
3288 3113
5102 5266
5103 5255
1913 130
5101 5265
5106 2542
3282 3166
1917 106
3280 3100
883 1001
882 1217
881 1090
880 2237
887 2244
886 2159
885 2239
884 2238
889 2246
888 2245
5792 5855
1269 2910
1268 2909
669 1825
668 1760
667 560
666 964
665 50
664 1815
663 1814
662 1813
661 1812
1264 616
1911 128
1910 100
3285 3168
3284 3167
1915 132
1914 131
3281 3112
5105 5256
6124 6138
2784 1383
4129 4309
4128 4308
4123 2373
4122 4287
4121 4286
4120 4301
4127 4307
4126 4306
4125 4305
4124 4304
5689 5750
5688 5064
5685 5747
5684 5746
5687 5749
5686 5748
5681 5743
5680 5739
5683 5745
5682 5744
5979 6010
5978 6009
5973 730
5972 6002
5971 6001
5970 6000
5977 6008
5976 6007
5975 5977
5974 731
5368 5484
5407 5517
5406 5515
2587 1857
2586 1851
2585 1850
2584 1634
2583 1633
2582 1632
2581 1824
2580 1823
2589 1859
2588 1858
280 912
6059 6037
6058 6079
6055 6081
6054 6080
6057 6078
286 917
6051 6074
6050 6073
6053 6076
6052 6075
2639 1916
2638 1915
2635 1912
2634 1911
2637 1914
2636 1913
2631 1852
2630 147
2633 1854
2632 1853
5402 5514
5401 5513
3544 3672
3545 3673
3546 3674
3547 3675
3540 3655
3541 3656
3542 3670
3543 3671
3548 3676
3549 3677
5400 5512
2965 2581
2964 2580
2967 2583
2966 2582
2961 2258
2960 2257
2963 2579
2962 2578
762 46
763 1301
760 2040
761 2041
2969 2594
767 2053
764 985
765 1600
5379 5496
5378 5495
1078 2622
1079 2623
1076 2621
1077 1204
1074 834
1075 2620
1072 832
1073 833
1070 830
1071 831
5583 5666
4338 4533
4339 4534
4336 4504
4337 4532
4334 4509
4335 4518
4332 4516
4333 4517
4330 4514
4331 4515
3135 2946
5182 5319
3137 2952
3136 2947
3131 2942
3130 2941
3133 2944
3132 2943
3139 2954
3138 2953
1533 2530
1622 3391
1532 3279
1621 3390
5768 5837
5769 5838
5766 5828
5767 5836
5764 5834
5765 5835
5762 5832
5763 5833
5760 5830
5761 5831
1531 524
5181 5318
5186 5323
2256 996
5187 5324
2978 2629
2979 2630
2250 970
5184 5321
5185 5322
2974 2618
2975 2619
5362 5476
4570 4750
5363 5477
5360 5474
5361 5267
5366 5482
5367 5483
4571 4751
5364 5478
5365 5479
2358 1223
2359 1224
2352 1195
2353 1212
2350 1193
2351 1194
2356 1215
2357 1222
2354 1213
2355 1214
5369 5486
1898 19
1899 20
3739 3900
3738 3899
3737 3898
3736 3893
3735 3892
3734 3891
3733 3890
3732 3889
3731 3888
3730 3887
4691 4866
4690 4865
4921 5076
4692 4867
4695 2134
4694 4869
4697 4871
4924 5082
4699 4873
4698 4872
4929 5084
4928 5079
2138 689
2139 690
5160 5311
5161 5308
5162 4175
5163 4176
5164 4177
5165 4178
5166 5313
5167 5314
5168 5315
5169 5312
2787 2292
2786 2291
2781 2270
2780 2269
2783 2272
2782 2271
1263 2906
1262 2905
1261 2904
1799 3660
1798 2553
1793 3646
1267 1421
1791 3353
1790 1590
1797 3354
1796 3659
1795 3658
1794 3657
1265 2907
660 1811
5344 5459
5345 5390
3092 2872
3093 2873
643 1770
1242 2882
3096 2876
1244 2884
3094 2874
1530 3011
1249 2370
1248 2889
3098 2813
3099 2814
5346 5462
1539 617
1538 1220
4101 4276
4100 4275
4103 4284
4102 4283
4105 4146
4104 4285
4107 4289
4106 4288
4109 3459
4108 4290
3898 4066
3899 4067
3892 4050
3893 91
3890 4043
3891 4049
3896 4064
3897 4065
3894 4051
3895 4052
5341 5455
5951 5986
5950 5985
5953 5988
5952 5987
5955 5522
5954 5521
5957 5990
5956 5989
5959 4062
5958 4061
1455 3207
6039 4486
6038 4832
6033 6060
6032 6059
6031 6058
6030 6057
6037 4831
6036 4830
6035 6062
6034 6061
2659 2002
2658 1985
2653 1964
2652 1990
2651 1989
2650 1988
2657 1984
2656 1983
2655 1982
2654 1965
5758 5809
1452 3205
3562 3697
3563 3647
3560 3695
3561 3696
3566 3578
3567 3691
3564 3689
3565 3690
3568 3705
3569 3713
4484 4660
4485 4661
4486 4669
4487 4670
4480 4656
4481 4666
4482 4667
4483 4668
4488 4671
4489 4679
2903 2497
2902 2474
2901 2480
2900 2479
708 1909
709 1941
2905 2499
3035 2730
704 1905
705 1906
706 1907
2908 2501
700 638
701 1903
702 1904
703 11
2486 1440
5319 5438
5318 5437
5313 5432
5312 2857
5311 2856
5310 4086
5317 5436
5316 5435
5315 5434
5314 5433
2487 1441
3214 3054
1987 345
3216 3055
3153 2932
3152 2974
3151 2973
1633 3406
3157 2935
3156 2852
3155 2934
3154 2933
1634 3407
3159 2991
3158 2692
1635 3408
3212 3052
3213 3053
1260 2903
1639 3411
2482 1436
1459 153
1266 2908
2483 1437
2480 539
2481 1435
568 1028
569 1630
2816 2313
564 1626
565 1627
4714 4674
4715 4881
4716 4887
4717 4888
4710 4884
4711 2794
4712 4885
4713 4886
2338 1169
2339 1197
4718 4889
4719 4890
3715 630
3714 3869
3717 3879
3716 3878
3711 3872
3710 3871
3713 3868
3712 3873
3719 3875
3718 3874
4909 5063
4908 5062
4679 4854
2489 1516
4901 5055
4676 4852
4903 5057
4674 4851
4673 4850
4904 5058
4907 2860
4670 4845
5148 5291
5149 5296
5146 5289
5147 5290
5144 5300
5145 5301
5142 5298
5143 5299
5140 3444
5141 5297
120 461
121 31
122 462
123 79
124 59
125 463
126 139
127 32
128 33
129 80
1188 2784
1189 2785
1186 2782
1187 2783
1184 2780
1185 2781
1182 2778
1183 2779
1180 2770
1181 2777
3393 3418
2542 1675
1519 3262
1518 3261
3392 3417
1515 3260
1514 3259
1517 135
1516 134
1511 125
1510 3257
1513 3258
1512 1560
3395 3426
3397 3430
3396 3429
263 880
262 316
261 870
260 869
267 881
266 613
265 559
264 37
269 883
268 882
6011 6006
6010 6005
6013 6043
6012 6042
6015 6045
6014 6044
6017 6047
6016 6046
6019 6049
6018 6048
988 2454
989 2455
982 1601
983 844
980 1135
981 2425
986 2452
987 2453
984 2450
985 2451
1388 3101
1389 846
3508 3603
3509 3604
5089 5086
5088 5173
5083 5248
5082 5246
5081 5242
5080 5245
5087 5251
5086 5247
5085 5250
5084 5249
2671 1537
2670 2028
2673 2030
2672 2029
2675 2034
2674 2033
2677 2036
2676 2035
2679 2020
2678 2019
1209 2833
2929 2534
2928 2533
2921 2516
2920 2515
2923 2518
2922 2517
2925 2520
2924 2519
2927 2532
2926 2531
5331 5444
5330 5448
5333 5450
5332 5445
5335 5452
5334 5451
5337 5131
5336 5449
5339 5453
5338 565
3179 3013
3178 3012
2037 406
3171 1649
3170 3001
3173 3003
3172 3002
3175 3006
3174 3004
3177 3008
3176 3007
726 1464
727 1959
724 1958
725 169
722 1463
723 1957
720 1956
721 1635
728 1973
729 1974
1164 2741
1165 608
1166 2742
1167 2754
1160 444
1161 2739
1162 1855
1163 2740
1623 3392
1168 2755
1169 2756
2035 432
472 289
3196 3017
2034 431
1380 2007
1365 1799
3193 2999
2785 2266
3192 2998
1713 3551
3191 2540
5253 5374
2033 430
1711 103
1381 3070
1710 3549
1717 2081
1716 1108
1715 3557
2032 429
5255 5376
3199 2995
3728 3885
3198 3019
1719 3558
1864 3771
1718 3186
2031 428
1869 3772
1868 1381
2030 427
4930 5085
4931 5091
4932 5098
4933 5099
4934 5100
4935 5101
4732 4899
4733 4904
4730 4903
4731 4898
4736 4910
4737 4911
2318 1167
2319 1067
2316 1165
2317 1166
2314 1133
2315 1164
2312 1131
2313 1132
2310 1129
2311 1130
5854 5902
5855 5903
5856 5904
5857 5905
5850 5094
5851 5095
5852 5096
4939 5105
5858 5894
5859 5906
3773 3940
3772 3939
3771 3938
3770 3937
3777 2336
3776 3943
3775 3942
3774 3941
3779 3929
3778 3928
4655 4827
4654 4826
4657 4834
4656 4828
4651 4824
4650 4823
4653 4730
4652 4825
4659 4835
4658 4664
108 383
109 413
102 264
103 379
100 378
101 207
106 265
107 382
104 380
105 381
6056 6077
6204 6219
6205 6220
6206 6221
6207 6222
6200 6215
6201 6216
6202 6217
6203 6218
6208 6223
6209 6224
1759 3619
1758 3618
1757 3617
1756 3616
1755 1073
1754 3014
1753 3615
1752 550
1751 3600
1750 2550
1285 2930
1284 820
1287 14
1286 2948
1281 2927
1280 2926
1283 2929
1282 2928
1289 2949
1288 1602
1579 3350
1578 3349
689 1863
688 1842
1573 968
684 1838
1571 933
686 1840
681 1045
680 1835
1575 627
682 1836
1240 396
5629 2139
5628 2138
5627 5709
5626 5708
5625 5707
5624 5706
5623 5705
5622 5700
5621 5699
5620 5701
5995 6026
5994 6025
5997 6028
5996 6027
5991 6022
5990 6021
5993 6024
5992 6023
5999 6030
5998 6029
1245 569
1247 2888
1246 493
245 804
244 803
247 35
246 61
241 801
240 800
243 372
242 802
249 36
248 62
2154 723
3698 3861
3699 3862
1366 1101
3690 3852
3691 3853
3692 3854
3693 3855
3694 3856
3695 3857
3696 3859
3697 3860
3526 3627
3527 3628
3524 3625
3525 3626
3522 3623
3523 3624
3520 3621
3521 3622
3528 3584
3529 3585
338 208
2699 2062
2698 2061
2697 2060
2696 2071
2695 2070
2694 2069
2693 2068
2692 2067
2691 2066
2690 2065
2152 721
1361 425
1142 317
1143 2442
1140 2432
1141 2698
1146 2217
1147 2218
1144 2699
1145 2216
1148 2219
1149 2220
768 2054
769 1279
336 1056
766 2052
2968 1754
4282 1431
4283 4461
4280 4464
4281 4225
4286 4468
4287 4453
4284 4466
4285 4467
4288 4454
4289 4455
380 1163
381 1178
382 1179
383 1180
384 1181
385 1182
386 1183
387 1184
388 1185
389 1186
4758 4928
4759 4936
4750 4919
4751 4920
4752 4916
4753 4917
4754 4918
4755 4925
4756 4926
4757 4927
5872 5928
5375 5492
5870 5922
5871 5927
5876 5932
5877 5933
5874 5930
5374 5491
5878 5934
5879 5935
5377 5494
3759 3916
3758 3915
5376 5475
3751 3905
3750 3904
3753 3907
3752 3906
3755 3895
3754 3894
3757 3897
3756 3896
4633 4811
2191 814
4631 4806
2193 816
4637 4810
2195 817
2196 818
2197 821
2198 822
2199 823
4639 4814
4638 4813
4813 4989
4812 4988
4811 4987
4810 4986
168 602
169 603
164 598
165 599
166 600
167 601
160 579
161 580
162 596
163 597
4815 4991
4814 4990
6194 6205
6195 6198
6196 6199
6197 6212
6190 6201
6191 6202
6192 6203
6193 6204
6198 6213
6199 6214
2734 2143
2735 2144
2736 2145
2737 2146
2730 2129
2731 2130
2732 2131
2733 2132
2738 2125
2739 2126
6222 6237
6223 6238
6220 6235
6221 6236
6226 6241
6227 6242
6224 6239
6225 6240
6228 6243
6229 6244
5558 5644
3134 2945
809 78
808 858
803 1291
802 2109
801 2108
800 2107
807 2119
806 2118
805 2117
804 1636
5274 5407
5275 5408
5276 5404
1776 367
1771 3634
5271 5397
1773 3636
1772 3635
1779 2384
1778 2383
1551 3308
1550 3307
1553 3310
1552 3309
1555 3312
3039 2734
1557 2013
1556 714
3034 2729
1558 3327
3036 2731
3037 2732
3030 2448
3031 2449
3032 2722
3033 2723
5605 5684
5604 5681
5607 5687
5606 5686
5601 5680
5600 4336
5603 5683
5602 5682
5609 5689
5608 5688
4696 4870
229 782
228 781
227 763
226 762
225 761
224 760
223 759
222 479
221 758
220 757
2509 1584
2508 1583
2507 1582
2506 1581
2505 1580
2504 1566
2503 1565
2502 1564
2501 1563
2500 1364
5049 5208
5048 563
5047 5215
5046 5214
5045 5213
5044 5212
5043 5211
5042 5210
5041 5199
5040 5198
2160 729
1256 1272
1257 2896
1526 3270
0 0
1255 2012
1520 3266
1253 2894
3207 3037
1522 1366
5183 5320
1523 3268
3205 1428
1992 237
1627 3398
3202 3030
1997 242
1624 126
5188 5325
1128 2687
1129 2133
5189 5326
1120 2675
1121 2676
1122 2677
1123 291
1124 2390
1125 2684
1126 2685
1127 2686
2864 2423
2865 2426
2868 2429
2869 2430
4776 4953
4777 4954
4774 4951
4775 4952
4772 4949
4773 4950
4770 4947
4771 4948
4778 4956
4779 4957
5818 5877
5819 5878
5810 5867
5811 5868
5812 5872
5813 5873
5814 5269
5815 5270
5816 5851
5817 5876
4619 4796
4618 4795
4611 4788
4610 4787
4613 4790
4612 4789
4615 4792
4614 4791
4617 4794
4616 4793
2705 2082
2704 2078
2707 2043
146 474
147 60
144 21
145 41
142 555
143 81
140 512
141 554
4884 5040
148 350
149 556
4886 5042
2702 2076
3342 3314
3343 3315
5452 4485
2712 2048
2713 1960
2710 2046
2711 2047
2716 2095
2717 2096
2714 2093
2715 2094
3346 3317
2718 2097
2719 2014
3347 3300
1197 946
3345 3316
3090 2870
6248 6260
6249 6178
6240 6252
6241 5186
6242 5187
6243 6254
6244 6255
6245 6256
6246 6257
6247 6259
829 2154
828 1514
825 1210
824 1589
827 2153
826 12
821 1620
820 394
823 1621
822 1046
5252 5373
1712 3550
5250 5386
5251 5381
5256 5377
5257 5378
5254 5375
1714 3556
5258 5379
5259 5380
3018 2667
3019 2668
3012 2712
3013 2713
3010 2710
3011 2711
3016 2707
3017 2708
3014 2714
3015 2706
4189 4372
4188 4371
4181 849
4180 848
4183 4352
4182 4351
4185 4368
4184 4353
4187 4370
4186 4369
5663 5821
5662 5820
5661 5819
5660 5818
5667 5825
5666 5824
5665 5823
5664 5822
5669 5827
5668 5826
11 66
10 10
13 68
12 67
15 70
14 69
17 72
16 71
19 74
18 73
3904 4048
3905 2853
3906 4068
3907 4069
3900 4044
3901 4045
3902 4046
3903 4047
3908 4053
3909 4054
201 705
200 704
203 707
202 706
205 709
204 708
207 711
206 710
209 733
208 732
830 2155
831 2156
836 2160
837 2161
834 1943
835 1271
3658 3829
3659 3830
3654 1967
3655 3826
3656 3827
3657 3828
3650 3822
3651 3823
3652 3824
3653 3825
2525 1658
2524 146
2527 1660
2526 1659
2521 1637
2520 1646
2523 1639
2522 1638
2529 1664
2528 1661
5065 5233
5064 5232
5067 5222
5066 5221
5061 5229
5060 5228
5063 5231
5062 5230
5069 5224
5068 5223
4408 92
4409 2337
4404 4580
4405 4478
4406 4479
4407 4585
4400 4576
4401 4577
4402 4578
4403 4579
928 1986
929 2322
920 841
921 842
922 843
923 2315
924 1489
925 2316
926 2317
927 2318
5393 5505
5392 5439
5391 5504
5390 5501
5397 5508
5396 5510
5395 5507
5394 5506
5399 5511
5398 5509
784 2091
785 2092
786 530
787 2098
780 2087
781 2088
782 2089
783 2090
788 2099
789 2100
407 1258
406 1257
405 1256
1372 1490
403 1254
402 1253
1377 3065
400 1251
2899 2478
2898 2477
2895 2464
2894 2463
2897 2466
2896 2465
2891 2462
2890 2461
2893 210
2892 1643
1106 2657
1726 790
1104 2655
1457 2639
1102 2653
1451 467
1100 2488
1727 3010
1458 3209
1724 2840
1108 2658
1109 2659
1725 3009
1722 3563
5240 5364
1894 336
5243 5370
1895 16
5242 5369
1896 17
1897 18
1890 2721
1837 3304
1891 934
1892 935
1893 3808
4923 5081
4922 5080
4693 4868
4920 5075
4798 4977
4799 4978
4794 4972
4795 4973
4796 4974
4797 4976
4790 4967
4791 4968
4792 4969
4793 3285
5836 5891
5837 5892
5834 5887
5835 5888
5832 5885
2130 653
5830 5883
5831 5884
2131 654
5838 5893
5839 5889
2668 2026
1626 3397
4 4
3004 2701
2778 2254
2779 2268
4899 5047
4898 5053
2770 2215
2771 2240
2772 2241
4890 5046
2774 2242
2775 2251
2776 2252
2777 2253
3286 3169
6266 6277
6267 6278
6264 6275
6265 6276
6262 6273
6263 6274
6260 6265
6261 6266
6268 6270
6269 6271
1589 1884
847 2166
846 133
3465 3529
844 2164
843 1060
842 547
841 2163
840 789
849 2168
848 2167
4902 5056
1583 906
4905 5059
2407 1322
5238 1654
5239 1655
1731 3570
1730 1702
1733 1211
5233 5367
5234 5368
1734 1115
5236 1652
5237 1653
2404 1319
3070 2824
3071 2825
3072 2826
3073 2827
3074 2828
1590 3361
3076 2830
1592 3362
3078 2832
3079 2841
1599 3374
1598 549
2402 1317
2403 1318
5649 5723
5648 5722
5641 5718
5640 5715
5643 5717
5642 5716
5645 4213
5644 5719
5647 5721
5646 5720
2401 1316
4826 5000
489 1477
488 1451
487 1351
486 1450
485 1449
484 1448
483 1447
482 1446
481 1445
480 1444
4827 4996
3922 4083
3923 4070
3920 4081
3921 4082
3926 4073
3927 4074
3924 4071
3925 4072
3928 4084
3929 4090
5655 5728
6099 6116
6098 6115
3283 1609
6091 6108
6090 6107
6093 6110
6092 6109
6095 6113
6094 6112
6097 6114
6096 6111
3678 3842
3679 3843
3672 3841
3673 3805
3670 2866
3671 3840
3676 3774
3677 1018
3674 3806
3675 3773
2543 1721
1454 2042
2541 1674
2540 1673
2547 1726
2546 1725
2545 1723
1107 1934
2549 1728
2548 1727
1456 3208
1105 2656
1450 3204
1103 2654
5003 5166
3581 3721
3582 3722
3583 3706
5007 5170
3585 3727
3586 3728
5004 5167
3588 3730
3589 3731
5009 2773
5008 5172
902 2262
903 2263
900 827
901 123
906 2279
907 236
904 2264
905 2265
4422 4611
4423 4612
908 2280
909 986
4426 4416
4427 4607
4424 4605
4425 4606
1453 3206
3293 3184
1554 3311
719 1955
718 84
1696 3514
1697 3515
1694 3512
1695 3513
1692 3510
1693 3511
1690 1878
1691 3504
1698 3516
1699 154
1472 3224
1473 3229
1470 3223
1471 1496
1476 366
1477 1295
1474 3230
1475 859
1478 3237
1479 3238
4228 4403
4229 4404
4224 4363
4225 4400
4226 4401
4227 4402
4220 4398
4221 4399
4222 4361
4223 4362
24 113
25 114
5584 636
27 116
20 75
21 76
22 111
23 112
28 117
29 118
5588 5668
5589 5669
1069 829
1068 828
1061 987
1060 2600
1063 2602
1062 2601
1065 2603
1064 245
1067 341
1066 2604
2288 1086
2289 1087
2280 1039
2281 1040
2282 1041
2283 1042
2284 1043
2285 1063
2286 1064
2287 1065
4538 4600
2054 458
4828 1432
4829 1433
4534 4713
4535 4715
4927 5078
4536 4716
4537 4599
4530 4706
4823 4999
4820 4993
4926 5077
4533 4712
6288 6294
6289 6258
6284 6290
6285 6291
6286 6292
6287 6293
6280 6195
6281 6196
6282 6284
6283 6285
182 659
183 660
180 626
181 658
186 663
187 664
184 661
185 662
188 665
189 666
5833 5886
869 1772
868 2192
652 1787
3449 3471
3448 3470
861 2187
860 2186
863 2188
3446 3520
3441 3507
3440 3506
867 2191
866 2190
2024 402
2025 392
2026 389
2027 390
2020 398
2021 399
2022 400
2751 2176
2028 391
2029 426
2758 2231
2759 2232
5216 5350
5217 5351
5214 5348
5215 5349
5212 5346
5213 5347
5210 5344
5211 5345
5218 5352
5219 5353
3058 2753
3059 2799
3056 2751
3057 2752
3054 2787
3055 2750
3052 294
3053 2776
3050 2774
3051 2775
4597 4775
8 8
1317 452
1316 2549
1315 2980
1314 2979
1313 1961
1312 2978
1311 1603
1310 2977
1319 2440
1318 2439
3948 4106
3949 4116
3940 4101
3941 4102
3942 4103
3943 4107
3944 4108
3945 4109
3946 4104
3947 4105
4057 4240
4056 4224
4055 4230
4054 4229
4053 4228
4052 4239
4051 4238
4050 4237
4059 4242
4058 4241
3610 3754
3611 3755
3612 3756
3613 3757
3614 3758
3615 3775
3616 3776
3617 1384
3618 3777
3619 90
2569 1801
2568 1800
2561 1717
2560 1716
2563 1779
2562 1718
2565 1806
2564 1780
2567 1808
2566 1807
5029 5201
5028 5194
5021 5182
5020 5184
5023 5189
5022 5188
5025 5193
5024 5192
5027 5191
5026 5190
4440 4622
4441 4623
4442 4624
4443 4615
4444 4625
4445 4626
4446 4618
4447 4619
4448 4620
4449 4629
964 2379
965 301
966 2380
967 923
960 124
961 2377
962 136
963 2378
968 1126
969 2415
1241 2881
1536 2475
1243 2883
3091 2871
645 1778
3097 2877
647 1782
3095 2875
649 1784
648 1783
1968 323
5198 5334
3234 3110
1619 3389
641 1769
5195 5331
5194 5330
1614 3383
3239 3042
5191 5328
640 1293
5190 5327
5193 5329
1963 253
1678 3476
1679 188
1674 3472
1675 3473
1676 3474
1677 3475
1670 436
1671 2250
1672 3413
1673 3469
642 1656
4498 2748
1418 25
1419 434
1410 3146
1411 1805
1412 749
1413 3153
1414 3154
1415 1344
1416 3155
1417 2032
644 1777
4208 4386
4209 4387
4202 4365
4203 4366
4200 4383
4201 4364
4206 4385
4207 1430
4204 4367
4205 4384
5568 5640
5569 5641
5564 5650
5565 5651
5566 5652
5567 5653
5560 5646
5561 5647
5562 5648
5563 5649
646 1781
308 981
309 982
300 973
301 974
302 975
303 976
304 977
305 978
306 979
307 980
5180 5317
4893 5048
4892 2374
4891 3287
2773 2243
4897 5052
4896 5051
4895 5050
4894 4119
470 538
6118 6134
6119 6135
6114 6130
6115 6131
6116 6132
6117 6133
6110 6123
6111 6124
6112 6128
6113 6129
471 1416
5440 5547
476 1419
477 1420
474 1417
3429 3489
3428 3488
3423 3483
3422 3482
3421 3481
3420 3480
3427 3487
3426 3486
3425 3485
3424 3484
2002 171
2003 273
2000 353
2001 354
4589 4768
4588 4767
2004 274
4858 5022
4585 4764
4856 5018
4587 4761
4586 4765
4853 5015
4580 4759
4851 5013
4582 4762
1906 57
1907 58
1087 2637
1086 2636
1085 2635
1084 1816
1083 2627
1082 2626
1081 2625
1080 2624
1089 454
1088 2638
1904 55
5134 5293
449 1379
448 1378
1339 2789
1338 3005
1335 2073
442 1374
441 1373
1336 2228
1331 2788
1330 1558
1333 2199
444 1375
39 164
38 163
33 158
32 121
31 120
30 119
37 162
36 161
35 160
34 159
1903 30
1900 27
3467 3531
3466 3530
845 2165
3464 3528
3463 3527
3462 2541
4079 4260
4078 4259
4075 4256
4074 4255
4077 4258
4076 4257
4071 4253
4070 4252
4073 4254
4072 1969
3966 4142
3967 4143
3964 4140
3965 4141
3962 4144
3963 4145
3960 4135
3961 4136
3968 4137
3969 4138
1101 2652
3638 3810
3639 3811
3636 3809
3637 148
3634 3798
3635 3799
3632 3796
3633 3797
3630 3794
3631 3795
3469 3539
3468 3538
5450 4303
4468 4647
4469 4648
4466 4652
4467 4653
4464 4650
4465 4651
4462 4644
4463 542
4460 4642
4461 4643
948 2340
949 2341
946 352
947 490
944 1234
945 2333
942 1951
943 2332
940 1324
941 2331
1658 3393
1659 3446
1652 3433
1653 1891
1650 3432
1651 2572
1656 137
1657 3445
1654 3434
1655 2234
586 851
1739 3582
584 1640
585 1682
582 1531
583 1532
580 1529
581 1530
588 1683
589 1684
2839 1274
2838 2364
2837 1538
2836 2369
2835 2350
2834 2349
2833 2348
2832 2347
2831 2346
2830 2345
3391 3416
3390 3415
5405 4678
5404 4677
5403 4676
1433 3179
1430 1747
1431 1748
3399 3435
3398 3431
1438 3181
1439 1701
5230 5363
5231 5359
5232 5366
4260 4443
4261 4444
4262 4445
1732 3571
4264 2590
4265 4446
4266 4449
4267 4450
4268 4451
4269 4452
5235 1651
3702 3650
1737 3581
3703 3863
1736 3580
1885 1952
5548 5631
1884 3792
3263 3126
5542 5848
3706 3866
5540 5920
5541 3921
5546 5629
5547 5630
5544 5627
1882 2743
1881 2868
1880 3790
5890 5175
5891 5087
5892 5088
5893 5089
5894 5090
5895 3289
5896 5944
5897 5941
5898 5942
4668 4843
4669 4844
2127 646
2126 645
4664 4839
2128 647
4666 4841
4667 4842
4660 4836
4661 4837
4662 4838
4663 4833
322 1021
323 1022
320 1017
321 1020
326 835
327 1024
324 403
325 1023
328 1025
329 1026
1595 3371
6138 5066
6139 6159
1594 1922
6132 1758
6133 1759
6130 6144
6131 1757
6136 6147
1597 3373
6134 6145
6135 6146
1596 3372
1591 15
3075 2829
1593 3363
3077 2831
2248 909
2249 910
2244 949
2245 950
2246 951
2247 908
2240 940
2241 941
2242 942
2243 948
3401 3437
3400 3436
3403 3439
3402 3438
3405 3441
3404 3440
3407 3443
3406 3442
3409 3451
3408 3347
4875 5034
4874 5033
4877 5035
4876 1543
4871 5031
4870 5030
4873 5032
4872 4970
4879 5036
4878 2136
2068 442
2069 443
2798 2296
2799 2297
2792 2274
2793 2275
2790 2294
2791 2273
2796 2278
2797 2295
2794 2276
2795 2277
5455 5563
3256 3134
5692 5753
5690 5751
6178 6192
5691 5752
6173 6187
5696 5759
4883 4971
1359 3034
1358 748
469 1415
468 1409
1353 1642
1352 1470
1351 2204
466 1407
1357 3033
1356 3032
1355 3028
1354 3027
4885 5041
3184 3020
3185 3021
3186 3022
3187 3023
3180 2724
3181 2981
3182 2982
3183 2983
3188 3024
3189 3025
4019 4194
4018 4193
4013 4188
4012 4187
4011 4186
4010 4185
4017 4192
4016 4191
4015 4190
4014 4189
5797 3924
3988 3991
3989 3992
3984 4159
3985 4160
3986 4161
3987 4162
3980 4149
3981 2854
3982 4157
3983 4158
5796 3923
1111 2661
1446 3200
1445 3199
289 952
288 919
1112 2662
281 913
1443 3196
283 915
282 914
285 561
284 916
287 918
1442 3195
1117 2672
1440 2495
5793 5856
2477 1493
2476 1492
2475 1491
2474 1499
2473 1498
2472 1497
2471 1307
2470 1306
2479 1495
2478 1494
2137 688
5791 5854
6300 6297
2907 2084
2906 2500
1630 3399
1631 1724
1632 3405
3217 3056
3210 3050
3211 3051
1636 3313
1637 3409
1638 3410
2134 657
2904 2498
3218 3057
3219 541
1988 346
1989 347
2909 2502
2815 2312
2814 2311
2817 2314
707 1908
2811 2308
2810 2307
2813 2310
2812 2309
560 1622
561 1623
562 1624
563 1625
2819 2304
2818 2303
566 1628
567 1629
5429 5544
5428 3083
3379 3400
3378 3386
3377 3385
3376 3326
3375 3325
3374 3324
3373 3323
3372 3356
3371 3355
3370 3370
4248 1541
4249 4429
4246 4426
4247 4428
4244 4421
4245 4425
4242 4424
4243 4420
4240 4422
4241 4423
5520 2797
5521 5611
5522 5612
5523 5609
5524 5610
5525 5613
5526 5615
5527 5616
5528 5617
5529 5618
48 200
49 201
46 198
47 199
44 196
45 197
42 167
43 168
40 165
41 166
2135 686
4848 5010
5853 5097
344 1077
345 1078
346 300
347 1079
340 1074
341 984
342 1075
343 1076
348 1080
349 1081
6150 6170
6151 6171
6152 6172
6153 6173
6154 6174
2132 655
6156 6176
6157 6149
6158 6150
6159 6151
4831 5003
4830 1434
3237 3040
4833 5005
4524 4700
4835 5007
4834 5006
4837 5002
4836 5001
2268 1030
2269 1031
2262 1005
2263 1006
2260 1003
2261 1004
2266 1009
2267 1019
2264 1007
2265 1008
2046 447
2047 448
2044 445
2045 446
2042 411
2043 412
2040 409
2041 410
4819 4992
4818 3286
2048 449
2049 450
3150 2972
3238 3041
4389 4581
4388 4574
4383 4569
4382 4568
4381 4567
4380 4566
4387 4573
4386 4572
4385 4571
4384 4570
1371 932
1370 1359
1373 3063
404 1255
1375 3064
1374 2643
401 1252
1376 170
1379 3069
1378 178
409 1260
408 1259
4031 4207
4030 4210
4033 4209
4032 4208
4035 4218
4034 4217
4037 4222
4036 4221
4039 4219
4038 4223
5498 5595
5499 5593
2459 1459
2458 1458
2455 1455
2454 1454
2457 1457
2456 1456
2451 1414
2450 1413
2453 1453
2452 1452
656 1809
657 1810
1500 1720
655 1790
1506 3255
3088 2865
650 1785
651 1786
4982 5153
3087 2864
1509 1427
1977 256
658 465
1976 314
659 695
3227 3091
1974 312
5497 5592
1973 311
1604 187
1971 309
1606 3379
3232 3108
3233 3109
3230 3106
3231 3107
3236 3076
1969 307
1618 2063
3235 3075
1964 319
1965 320
1966 321
1615 3384
1960 250
1961 251
1962 252
1611 3380
2873 2404
2872 2403
2871 2402
2870 2431
2877 2433
2876 2407
2875 2406
2874 2405
2879 2435
2878 2434
3355 3338
3354 3337
3357 3344
3356 3343
3351 3334
3350 3265
3353 3336
3352 3335
3359 3346
3358 3345
5449 4302
5448 5557
5443 5550
5442 5549
5441 5548
2544 1722
5447 5556
5446 5553
5445 5552
5444 5551
5493 5590
5508 5600
5509 5603
5506 5601
5507 5599
5504 5597
5505 5598
5502 1287
5503 5596
5500 5594
5501 1286
542 1573
543 1574
540 1571
541 1572
546 1577
547 1578
544 1575
545 1576
548 1593
549 1594
6155 6175
5476 1386
5477 5577
5474 5559
5475 5560
5472 5579
5473 5558
3827 3983
3826 3982
3825 3981
3824 3980
3823 3979
3822 3978
3821 3972
3820 3971
5471 5578
5001 4675
3829 3985
3828 3984
5000 5157
3584 3707
5006 5169
5005 5168
3587 3729
368 94
369 385
366 1155
367 82
364 1072
365 404
362 1154
363 393
360 1152
361 1153
1945 235
5133 5292
6179 6193
6176 6190
6177 6191
6174 6188
6175 6189
6172 6186
3215 1282
6170 6183
6171 6184
2200 824
2201 138
2202 825
2203 337
2204 338
2205 339
2206 853
2207 854
2208 855
2209 856
4428 4608
4429 4601
4839 4931
4838 4930
4529 4705
4528 4704
4527 4703
4526 4702
4525 4701
4832 5004
4523 4699
4522 4698
4521 4697
4520 4711
4420 4595
4421 4609
5298 5422
5299 5423
5296 5420
5297 5421
5294 5418
5295 5419
5292 5416
5293 5417
5290 5415
5291 5410
5510 5602
5697 5760
2998 2680
2999 2681
59 220
58 219
55 216
54 206
57 218
56 217
51 203
50 202
53 205
52 204
2990 2608
2991 2609
1940 230
2992 2610
2993 2611
2994 2612
2995 2613
2996 2678
2997 2679
429 1335
428 1334
1399 3116
1398 3115
421 1308
420 1270
423 476
422 386
425 1332
424 39
427 83
1390 609
854 2171
855 1107
856 96
857 2178
850 2169
851 1848
852 51
853 2170
1425 3165
2330 1118
1424 1962
2331 1119
2332 1146
2333 1147
2334 1148
2335 1149
2336 1150
2337 1151
2439 1388
2438 1300
2433 1362
2432 745
2431 744
2430 743
2437 1299
2436 1298
2435 1297
2434 1296
5470 5576
3782 3931
1806 3664
1805 1085
3781 2771
3786 1540
3787 3945
3784 3933
1800 907
3788 3946
3789 3947
1809 3666
1808 3577
4996 5163
4997 5164
4994 5161
4995 5162
4992 5159
4993 5160
4990 5151
4991 5158
4998 5155
4999 5156
1547 1607
3258 3137
3259 3138
1948 268
1949 269
1942 232
1943 233
3252 3098
3253 3099
1946 266
1947 267
1944 234
3257 3135
2859 2412
2858 2411
2851 2391
2850 2400
2853 2393
2852 2392
2855 2408
2854 2394
2857 2410
2856 2409
1490 650
3332 295
1492 1426
3330 3276
3337 562
1495 3246
3335 3077
1396 3105
1498 994
5468 4060
3339 3302
3338 3301
1395 3104
1394 52
1393 3103
1392 1713
1391 3102
426 40
524 1525
525 1526
526 1533
527 1534
520 49
521 1522
522 1523
523 1524
528 1546
529 1547
1234 1175
1235 1176
1236 1177
1237 2878
1230 1172
1231 1173
1232 1174
1233 872
1238 2879
1239 2880
2488 1515
4678 4848
4677 4853
4900 5054
4675 4849
2485 1439
3809 3954
3808 3953
3805 3769
3804 3768
3807 3952
3806 3770
3801 3765
3800 3764
3803 3767
3802 3766
4671 4846
4906 2859
1967 322
4174 4355
4175 4356
4176 4357
4177 4358
4170 3080
4171 4350
4172 3282
4173 4354
4178 4359
4179 4360
2228 888
2229 890
2226 886
2227 887
2224 884
2225 885
2222 292
2223 796
2220 794
2221 795
1 1
5925 5962
5926 5963
5927 5967
5920 5966
5921 5964
5922 5970
5923 5960
5928 5968
5929 5969
4505 4687
4504 4686
4507 4689
4506 4688
4501 4118
4500 4683
4503 4685
4502 4684
4509 4691
4508 4690
2088 529
2089 551
2082 502
2083 503
2080 500
2081 501
2086 527
2087 528
2084 525
2085 526
1009 2505
1008 2487
1007 2486
1006 2485
1005 2484
1004 1035
1003 2079
1002 1294
1001 2483
1000 2482
4349 4524
4348 4523
4347 4522
4346 4521
4345 4520
4344 4519
4343 4544
4342 4543
4341 4537
4340 4535
3304 3189
5718 5778
5717 3086
5716 5777
5715 5776
5714 5775
5713 5766
5712 5765
5711 5764
5710 5763
3575 3725
5091 5257
3577 3717
3576 3726
3571 3455
3570 3714
3573 3723
3572 3468
2666 2011
2667 2025
2664 2009
2665 2010
2662 2005
2663 2006
2660 2003
2661 2004
1829 2473
1828 3702
1825 3700
1824 1361
1827 1647
1826 3701
1821 3698
1820 3683
1823 3699
1822 3281
2411 1327
2146 700
2413 1329
2412 1328
4978 5144
4979 1544
2141 692
2140 691
4974 2376
2418 1347
4976 5142
4977 5143
4970 3173
4971 5139
4972 5140
2148 716
1920 109
1921 110
3274 3147
3275 3148
3272 3159
1925 182
3270 3157
3271 3158
1928 185
1929 186
3278 3151
3279 3152
1986 344
5586 5660
2935 1539
5587 5667
26 115
3319 3233
3318 3232
5585 5659
5489 5588
5488 5587
3311 3213
3310 3212
3313 3225
5484 1285
3315 3227
3314 3226
3317 3231
3316 3228
5580 5663
5581 5664
1984 342
60 221
61 222
62 223
63 224
64 225
65 226
66 279
67 280
68 281
69 282
508 1508
509 1509
506 1506
507 1462
504 1504
505 1505
502 1503
503 480
500 1501
501 1502
1212 1136
1213 2302
1210 2834
633 1144
634 1751
1217 1261
1214 2836
637 141
638 1767
639 1768
1218 2846
1219 143
1983 262
1980 259
3869 4023
3868 4028
3863 4018
3862 4022
3861 4021
3860 4020
3867 3858
3866 4013
3865 2772
3864 4012
1981 260
5458 5565
4152 1069
4153 1070
4150 4317
4151 4318
4156 4338
4157 4339
4154 1071
4155 4337
4158 4330
4159 4331
5459 5566
5902 5915
5903 5916
5900 5945
5901 5946
5906 5949
5907 5950
5904 5947
5905 5948
5908 5951
5909 4120
3489 3567
3488 3566
3481 3546
3480 3545
3483 3548
3482 3547
3485 1283
3484 3560
3487 3565
3486 3561
4563 4736
4562 4745
4561 4744
4560 4743
4567 4747
4566 4746
4565 4738
4564 4737
4569 4749
4568 4748
6064 6083
6065 6084
6066 6085
6067 6086
6060 6038
6061 3291
6062 3292
6063 6082
6068 6087
6069 6088
2604 1869
2605 1870
2606 1871
2607 1872
2600 1888
2601 1889
2602 1867
2603 1868
2608 1873
2609 1874
5451 5561
5453 5555
5454 5562
753 44
1807 3665
751 1098
750 1765
757 2038
756 1617
755 489
754 45
759 1618
758 2039
3780 3930
1804 3663
2958 2576
2959 2256
738 1995
2954 2552
1803 1936
2956 2574
2957 2575
2950 2563
2951 2255
2952 2551
1802 3662
1025 2536
1024 2072
1027 1890
1026 2537
5340 5454
1801 3661
1023 1798
1022 122
3785 3944
1029 2538
1028 151
5456 5554
4365 4547
4364 4542
4367 4549
4366 4548
4361 4539
4360 4538
4363 4541
4362 4540
4369 4550
4368 4536
5457 5564
3108 2887
3109 2642
3104 2819
3105 2812
3106 2885
3107 2886
3100 2815
3101 2816
3102 2817
3103 2818
5 5
4093 4271
4092 4110
4091 4270
4090 4269
4097 4279
4096 4278
4095 4277
4094 4272
4099 4274
4098 4273
5735 5803
5734 5802
5737 5805
5736 5804
5731 5799
5730 5801
5733 5789
5732 5800
5739 5791
5738 5790
1564 774
1565 1360
1738 2210
2381 1235
2380 1249
2383 1237
2382 1236
2385 1239
2384 1238
2387 1241
2386 1240
2389 682
2388 681
1849 2820
1848 3733
1843 1844
1842 54
1841 1843
1840 3712
1847 3732
1846 438
1845 1846
1844 1845
3250 3096
4958 5120
4959 5049
2169 175
2168 174
3251 3097
4952 5116
2164 753
4950 5114
4951 5115
2161 750
4957 4280
4954 5117
2162 751
1941 231
2129 648
3254 3132
3255 3133
3298 3191
3299 3192
5139 1972
5138 1971
5137 1970
5136 5295
5135 5294
3297 3177
3290 3178
5132 5288
3292 3183
5130 5286
1735 2476
1278 2924
1279 2925
618 1732
619 1733
612 819
613 1710
1272 2267
611 1709
616 1712
617 1731
1276 2922
1277 2923
3333 3278
1491 1425
3331 3277
1493 3244
1494 3245
3336 3295
1496 3247
3334 3294
5469 5575
1499 3249
3595 3738
5039 5197
3599 3742
3598 3741
4138 4327
4139 4328
4130 4202
4131 4320
4132 3079
4133 4321
4134 4322
4135 4323
4136 4319
4137 4324
3841 2938
3840 213
3843 4005
3842 4004
3845 4007
3844 4006
3847 4008
3846 4011
3849 631
3848 4009
5698 5761
5699 5762
5968 5998
5969 5999
5960 4063
5961 5991
5962 5992
5963 5993
5964 5996
5965 5997
5966 5994
5967 5995
4549 4731
4548 4723
4541 4717
4540 2867
4543 4720
4542 4719
4545 4718
4544 4714
4547 4727
4546 4726
5370 5487
2594 1880
2595 1881
2596 1882
2597 1885
2590 1860
2591 1861
2592 1862
2593 1879
5431 5541
2598 1886
2599 1887
5373 5490
5436 5526
6042 6065
6043 6066
6040 6063
1343 765
6046 6069
6047 6070
6044 6067
6045 6068
5372 5489
6048 6071
6049 6072
2622 1919
2623 1920
2620 1902
2621 1918
2626 1926
2627 1927
2624 1921
2625 1925
2628 1928
2629 1929
775 2085
774 967
777 2086
776 826
771 2056
770 2055
773 2058
772 2057
779 929
778 496
77 325
76 324
75 288
74 287
73 286
72 285
71 284
70 283
2972 2616
2973 2617
2970 2595
2971 2596
2976 2614
2977 2615
79 327
78 326
1043 2585
1042 2584
1041 395
1040 1700
1047 1933
1046 2588
1045 2587
1044 2586
1049 2591
1048 1465
4303 4482
4302 4477
4301 3283
4300 4476
4307 4489
4306 4488
4305 4484
4304 4483
4309 4491
4308 4490
1507 1029
3128 2931
3129 2940
3122 2916
3123 2917
3120 2914
3121 2915
3126 2920
3127 2921
3124 2918
3125 2919
5753 5814
5752 5813
5751 5812
5750 5811
5757 5806
5756 5817
5755 5816
5754 5815
5759 5829
5199 2939
3445 3519
4609 4786
3444 3518
3447 3521
862 1084
865 2189
864 497
3443 3517
3442 3508
2756 2229
2757 2230
2754 2226
2755 2227
2752 2177
2753 2225
2323 1139
2750 2175
2322 1138
2023 401
4604 4781
2321 1137
1616 3387
2327 1143
2326 1142
1208 2401
4701 4875
2324 1140
1617 3388
5197 5333
4708 4883
5196 5332
2369 672
2368 671
2367 670
2366 209
2365 669
2364 1209
2363 1208
2362 1207
2361 1206
2360 1205
1612 3381
1861 767
1860 2206
1863 2064
1862 3752
1865 610
3729 3886
1867 2111
1866 2110
3724 3882
3725 3883
3726 1968
3727 3884
3720 3876
3721 3877
3722 3880
3723 3881
4686 4859
4687 4860
4684 4864
4685 4858
4682 4857
4683 4863
4936 5102
4937 5103
4938 5104
1613 3382
4688 4861
4689 4862
2109 589
2108 588
2103 537
2102 536
2101 535
2100 534
2107 587
2106 586
2105 585
2104 584
5115 4113
5114 4112
5117 4115
5116 4114
5111 5276
5110 5275
5113 5278
5112 5277
5119 5280
5118 5279
5192 2855
9 9
890 2247
891 2248
892 1488
893 764
894 2147
895 2249
896 2259
897 2260
898 334
899 2261
1788 3645
1789 937
1780 2385
1781 2386
1782 1671
1783 2387
1784 2388
1785 3644
1786 53
1787 437
678 1833
679 1834
674 1830
675 1831
676 1289
677 1832
670 1826
671 1827
672 1828
673 1829
1916 105
2491 1507
2490 1517
2493 1472
2492 1382
2495 1474
2494 1473
2497 1476
2496 1475
1524 651
1525 3269
1254 2895
1527 3273
1252 2893
1521 3267
1250 2890
1251 2892
1528 3274
1529 3275
1258 1981
1259 925
4116 4297
4117 4298
4114 4295
4115 4296
4112 4293
4113 4294
4110 4291
4111 4292
4118 4299
4119 4300
3340 3303
3341 3322
5946 5981
5947 5982
5944 5979
5945 5980
5942 568
5943 5978
5940 566
5941 567
5948 5983
5949 5984
6028 6055
6029 6056
6020 6050
6021 6051
6022 6052
6023 6039
6024 6040
6025 6041
6026 6053
6027 6054
2648 1948
2649 1949
2640 1917
2641 1937
2642 1938
2643 1939
2644 1940
2645 1945
2646 1946
2647 1947
3557 3692
3556 3688
3555 3687
3554 3686
3553 3685
3552 3078
3551 3684
3550 3678
3559 3694
3558 3693
2910 2503
2911 2504
2912 2522
2913 2523
2914 2524
2915 2525
2916 2526
2917 2527
2918 2528
2919 2529
715 1677
714 720
713 1942
712 944
711 1000
710 993
5308 5430
5309 5431
5300 5424
5301 5425
5302 5426
5303 5427
5304 4281
5305 4282
5306 5428
5307 5429
4329 4513
4328 4512
4321 4500
4320 4499
4323 4502
4322 4501
4325 4508
4324 4503
4327 4511
4326 4510
3140 2955
3141 1608
3142 2956
3143 2957
3144 2958
3145 2959
3146 2589
3147 88
3148 2691
3149 2960
5779 4588
5778 4587
5771 5840
5770 5839
5773 5842
5772 5841
5775 5844
5774 5843
5777 4586
5776 5845
3500 3594
3501 1930
3502 3595
3503 3596
3504 3597
3505 3598
3506 3601
3507 3602
2345 1188
2344 1202
2347 1190
2346 1189
2341 1199
2340 1198
2343 1201
2342 1200
2349 1192
2348 1191
2067 441
3708 3870
3709 2937
1889 3807
1888 1062
1887 1954
1886 1953
3700 3648
3701 3649
1883 3791
3707 3867
3704 3864
3705 3865
2121 623
2120 622
2123 611
2122 639
2125 644
2124 612
4918 5073
4919 5074
4916 5071
4917 5072
4914 5061
4915 5070
4912 5069
4913 5060
4910 5067
4911 5068
5173 3965
5172 3964
5171 564
5170 3963
5177 3926
5176 3579
5175 3967
5174 3966
5179 4638
5178 5316
133 495
132 478
131 505
130 504
137 509
136 508
135 507
134 506
139 511
138 510
5924 5961
88 356
89 357
82 330
83 331
80 328
81 329
86 272
87 355
84 332
85 333
1502 3251
1503 1935
654 1789
1501 3250
3089 2869
653 1788
1504 2966
1505 3252
3085 2862
3084 2861
1508 3256
3086 2863
3081 2843
3080 2842
3083 2845
3082 2844
3369 3369
3885 4040
3884 4039
3887 4030
3886 4029
3881 4036
3880 4035
3883 4038
3882 4037
3889 4042
3888 4041
2484 1438
1291 2489
6006 6035
6007 6036
6004 6033
6005 6034
6002 6031
6003 6032
6000 4088
6001 4089
6008 6003
6009 6004
995 2470
994 2469
997 2471
996 1187
991 2457
990 2456
993 2468
992 2467
999 2481
998 2472
5098 5254
5099 5263
3579 3719
3578 3718
5090 5252
3574 3724
5092 5258
5093 5259
5094 5260
5095 5261
5096 5262
5097 5253
4497 2747
4496 2746
4495 2745
4494 2744
4493 4682
4492 4672
4491 4681
4490 4680
4499 2749
2669 2027
2938 2546
2939 2547
2936 2494
2937 2545
2934 2493
1397 2285
2932 2491
2933 2492
2930 2535
2931 2490
5326 4640
5327 5443
5324 4639
5325 634
5322 5442
5323 5365
5320 5440
5321 5441
3799 3763
5328 5446
5329 5447
3797 3957
1839 3711
3168 2990
3169 89
3166 2988
3167 2989
3164 2986
3165 2987
3162 2994
3163 2985
3160 2992
3161 2993
2406 1321
2155 724
2156 725
731 1976
730 1975
733 1977
732 1791
735 1979
734 1978
737 1994
736 694
739 1996
2150 718
2151 719
2400 1315
2153 722
2006 276
2007 172
4707 4882
4706 4880
4705 4879
4704 4878
4703 4877
4702 4876
2325 1141
4700 4874
2329 1117
2328 1116
4709 4797
2009 278
3760 3917
3761 3918
3762 3919
3763 3920
3764 3927
3765 3935
3766 3936
3767 3934
3768 3925
3769 296
1292 2284
1792 1221
1561 435
1290 2950
2499 1562
2498 1561
4648 4821
4649 4822
4642 4815
4643 4816
4640 4673
4641 4722
4646 4818
4647 4819
4644 4820
4645 4817
1294 2961
1295 2962
5159 4335
5158 5310
5151 5303
5150 5302
5153 5305
5152 5304
5155 5121
5154 4431
5157 5309
5156 5307
115 419
114 418
117 421
116 420
111 415
110 414
113 417
112 416
119 423
118 422
2320 1168
1748 3599
1749 766
1744 3591
1745 3592
1746 3593
1747 2352
1740 3583
1741 1196
1742 3589
1743 3590
3308 3211
1484 3241
5494 3085
5495 5591
1489 649
3305 3190
5490 3197
5491 3198
1568 2644
1569 3339
1298 2965
1299 2936
5492 5589
1560 3329
1293 2951
1562 3330
1563 3331
1296 2963
1297 2964
1566 3332
1567 3333
5638 4829
5639 5714
5634 4665
5635 5711
5636 5712
5637 5713
5630 5710
5631 5702
5632 5703
5633 5704
