#original_node converted_node 
5988 5789
5989 5790
5982 5783
5983 5784
5980 1618
5981 5782
5986 5787
5987 5788
5984 5785
5985 5786
6797 6257
6794 6255
6795 6256
6793 6254
6790 336
6791 5795
6798 6258
6294 5976
270 1792
271 15
273 53
274 138
275 1796
276 1794
277 1795
2142 3329
3519 4277
3518 4276
3513 4274
3512 4273
3511 4272
3510 4270
3516 935
3515 4271
3514 4275
2688 3714
2689 1059
2684 3708
2685 719
2686 720
2687 1587
2680 3705
2682 3706
2683 3707
99 1325
98 1340
91 1242
90 1321
93 119
92 1323
95 411
94 42
96 1338
1177 2704
1176 2718
1175 2715
1174 2714
1173 2713
1172 2712
1171 2710
1170 2708
1179 2706
1178 2705
7188 6498
7189 6499
7180 6641
7181 6640
7183 6495
7184 6496
7185 1512
7186 2330
7187 6497
3433 770
622 358
872 2613
1225 2744
3435 1115
1224 2743
870 2483
8019 3023
627 360
8015 6959
871 198
8013 6957
8012 6956
8011 6955
626 393
7456 6644
4592 4952
7454 6642
7455 6643
7452 6638
1221 240
7450 1889
2036 3272
624 359
7458 6646
7459 6647
2034 3270
2033 3269
4849 5124
2747 1545
4595 4955
2749 3752
4845 5121
4846 1951
6536 6117
4599 4959
6537 6113
2319 3451
6534 6112
6535 6114
6532 3587
4843 5117
4738 5047
6533 6111
4739 5048
6530 3979
1987 615
393 1932
392 151
391 150
390 149
397 1941
396 153
395 1933
394 152
399 1944
398 1942
2309 3446
2308 3439
4728 2208
4725 5038
2300 3434
4727 5040
2302 3436
2305 3438
2304 3437
2307 1368
2306 3512
5846 5708
5844 1203
5842 5704
5841 5706
5840 5705
5848 1427
3748 795
3749 4438
3746 4436
3747 4437
3744 4435
3745 2490
3742 4432
3743 4433
4620 2673
4621 2028
4622 4974
4623 4975
4624 4976
4625 3652
4626 4978
4627 4979
4629 4977
179 1703
178 12
177 1699
176 1698
175 124
174 1696
173 1687
172 1675
171 128
7218 6517
7219 6516
7210 6512
7211 6513
7212 6514
7214 2359
7215 6015
7217 6515
6217 5935
6216 5934
6215 5933
6214 5932
6213 5931
6212 5930
6219 5936
6218 2069
6819 6271
6818 6270
6811 6267
6810 6265
6813 1981
6812 6266
6815 6268
6816 6269
7669 2341
7668 1519
7661 6752
7660 6750
7663 6753
7662 1313
7665 6755
7664 6754
7666 2340
1768 312
1769 577
1762 3086
1763 3087
1760 3084
1761 3085
1766 3090
1767 3091
1764 3088
1765 3089
692 2271
1547 539
690 2270
691 179
1542 538
697 887
694 180
695 2273
698 3275
699 2275
1548 971
1549 286
1982 320
5612 5578
5613 5582
5610 5580
5611 5581
5616 5584
5617 5585
5614 1211
5615 5583
7116 1652
7118 6449
6778 5269
6779 6250
6774 1224
6775 6248
6776 6276
6777 1626
6770 1501
6771 6246
6772 2324
6773 6249
4664 4996
258 136
259 137
252 49
253 1772
250 135
251 1878
256 1775
257 51
254 1773
255 50
4665 4998
3689 4395
3688 4394
3683 4388
3682 4387
3681 1252
3680 794
3687 4393
3686 4391
3685 4390
3684 4389
2518 3588
2519 3589
2514 3583
2515 3585
2516 988
2517 696
2510 1679
2511 1459
2512 3582
2513 3584
3531 4287
3530 4286
3532 4288
3535 4289
5059 5256
3537 782
3536 4290
5054 5254
3538 2552
5057 5255
5050 5307
5051 5251
5052 5252
5053 5253
1159 1363
1158 2697
1155 2696
1154 484
1157 1240
1156 234
1151 483
1150 2695
1152 233
8035 6962
8037 1871
8036 6963
8033 3382
8038 4508
4299 840
4298 2314
4295 4775
4297 839
4296 4776
4291 4773
4290 838
4292 4774
4749 5055
4748 1288
4743 5049
4742 5044
4741 5054
4740 5051
4746 5053
4745 5050
4744 5052
5868 5721
5864 5719
5866 5720
5861 5717
5860 1428
5863 1033
5862 5718
2183 3354
2182 650
2181 649
2180 3353
2187 3357
2186 3356
2185 1122
2184 3355
4607 4964
2189 3359
2188 3358
4602 4960
4603 4962
4600 907
4601 4961
6451 6054
6906 6322
6905 6320
6452 6055
6903 6319
6454 6057
151 111
150 353
153 120
152 11
155 1649
154 44
157 1663
156 1662
159 1666
158 1665
6900 6317
6459 6061
8135 7030
6187 5913
6186 5912
6185 5911
6184 5910
6183 5909
6182 5908
6181 5907
6180 5904
6954 6343
8133 7029
6188 5915
2727 723
2725 3737
2724 1180
2723 3736
2722 3735
2721 1729
2720 722
2729 3742
2728 3738
7236 6531
7237 2093
7946 2102
7235 6530
7232 6528
7233 1446
7230 6526
7231 6527
7948 6920
7949 6921
7238 2094
7239 6532
6239 5945
6235 3485
6236 5944
6230 5941
6232 5943
7815 6835
7932 6907
818 2443
819 2441
810 378
811 2434
812 2435
813 194
814 2438
815 2439
816 2440
817 379
1700 565
1701 307
5265 5387
1703 3051
5263 1761
1705 972
1706 566
1707 567
1708 3053
1709 3054
5269 6272
4574 1068
4575 4946
2093 3302
2092 1192
3959 4557
3029 1549
3028 747
3027 933
3026 746
3025 3926
3024 745
3023 2485
3022 3925
3021 1379
3020 1681
4198 4715
4199 2169
4197 4714
4194 4711
4195 4713
4192 4712
4190 4710
4191 1141
5670 5617
5671 1269
5673 2373
5674 5618
5675 5619
5676 5620
5678 5621
5679 5622
473 2129
6437 1083
6436 6044
6435 3612
8196 7071
6432 1110
6431 6043
6430 6042
8198 1716
8199 7073
6439 6045
6758 6239
6759 2323
6752 6237
6753 6238
6751 6234
6756 5687
6757 6235
6755 2615
238 1769
239 1770
234 1763
235 1764
236 134
237 1765
230 413
231 1760
232 112
233 1762
4681 5008
2538 3603
2530 3592
2531 3593
2536 3601
2537 3602
2534 3597
2535 697
5078 5267
5079 1146
5072 1290
5073 870
5070 5740
5071 5265
5077 5266
5075 1866
938 387
933 2541
932 208
931 2526
930 1237
937 454
936 209
935 453
934 452
5380 5448
5381 5449
5382 5450
5384 1969
5385 5451
5386 5452
5387 3662
5388 4206
797 896
2411 682
795 1164
794 950
793 436
792 2425
791 191
2410 681
2145 644
799 2428
798 192
2412 3514
2143 3330
2414 3516
1139 2687
1138 2686
2141 3328
1133 2665
1132 2664
1131 100
1130 2663
1137 482
1135 2683
1134 2682
4974 5210
4975 5212
7149 4610
7144 1045
7145 6472
7146 3147
7140 6468
7142 6471
7143 1044
2149 3335
2148 3334
8053 6972
8052 6971
8051 1451
8050 2107
8057 6976
8056 6975
8055 6974
8054 6973
8058 5367
2882 3828
2883 3829
2880 1968
2881 3827
2886 3836
2887 3837
2884 3831
2885 3832
7492 6669
7493 1653
2888 3838
2889 3840
7497 1884
7494 6670
7495 6671
3276 1137
3277 4119
3274 1063
3275 4118
1924 3195
3273 4117
1926 3199
6589 1352
1927 603
4761 5066
4760 5065
4763 5068
4762 5067
4765 5069
4764 1145
4767 5742
4766 5071
5809 2053
5808 5690
5803 5686
5802 877
5801 2052
5800 1350
5807 2171
5806 1425
5805 5689
5804 1077
1572 2966
1571 1676
1570 2965
1575 2968
1574 2967
6935 6336
4889 5149
2709 3728
2708 888
2705 3723
2704 3718
4882 5146
2706 3724
2701 3710
2700 1544
2703 3713
4887 3929
7960 6928
7961 1212
7966 6930
7967 6933
7964 6929
7965 2104
7968 6931
7969 6932
6259 5957
6258 5956
6253 5954
6252 5953
6251 1049
6257 4569
6255 1974
6254 5955
832 2460
3475 4249
830 2459
3477 4252
3470 4246
3471 4248
3472 4247
835 2462
838 443
839 444
3478 4253
3479 1215
8010 6954
7457 6645
7453 6639
5249 5382
5248 5381
1728 3065
1729 570
1726 569
5244 5376
5247 5380
5246 1708
1722 3062
1723 973
1720 3060
1721 3061
2415 6325
7930 6905
7933 6908
3005 741
3311 4134
3007 742
3006 3917
3001 3913
3000 2378
3003 3915
3002 740
7935 6911
3009 1589
3008 3914
7934 6910
1588 2975
5484 1030
7937 6912
1582 2973
1583 543
1580 399
1581 2910
1587 293
1584 2974
5482 1615
5481 4398
5480 5494
5658 5607
5659 5608
5656 5605
5657 5606
5655 1421
5652 5600
5653 5601
5650 2395
5651 1574
6415 6035
6414 1692
6417 1486
6416 6036
6411 6032
6410 6031
6413 6034
6412 6033
7777 6816
7775 6815
7774 6814
7773 6813
7772 6812
7771 6811
7770 6810
7779 6817
7778 2345
3917 4533
3916 4532
3914 2464
3912 1281
3911 2022
3910 1016
3919 1612
3918 4534
6730 6224
6731 6225
6732 6226
6734 6227
6735 6228
6736 2322
6737 1310
6738 6229
6739 881
460 2114
216 130
217 1749
214 14
215 1743
212 4110
213 4763
210 1741
211 2008
218 2175
219 131
6088 5154
6089 5859
6082 5858
6083 1435
6080 3656
6081 5857
3285 2908
3649 4364
3648 4509
3647 4365
3646 1138
3645 790
3643 1012
3642 4362
3641 4361
3640 4360
2550 1179
2551 3615
2552 3046
2555 3617
2556 3618
2557 3620
2558 3624
2559 3625
5010 5232
5011 5233
5012 2035
5013 5234
5015 6433
5016 5235
5017 5236
5018 5237
5019 5238
4418 5653
4417 843
4416 4848
4415 4847
4414 4846
4413 4459
4412 1613
4411 2918
919 2519
918 394
915 2516
914 2514
917 2518
916 2517
911 2512
910 2511
913 206
912 2513
796 2427
7168 1445
7162 2329
7163 6482
7160 6479
7161 338
7166 6485
7167 6486
7164 6483
7165 6484
8079 1712
631 362
8071 6986
8070 6985
8073 2401
8072 6987
8075 6990
632 2232
8077 6991
8076 6989
633 960
634 2234
1214 2738
1215 2739
1111 478
1110 2655
1113 2657
1444 530
1115 2659
1114 1664
1441 257
1440 2885
1449 2890
4588 1210
4859 5119
2005 3243
4584 1394
2008 3244
4854 5132
4581 4949
4580 3016
2301 3435
4583 2392
4582 4950
6524 6105
4726 5039
4721 5035
4720 5036
8264 7106
4723 5037
4789 5078
4788 5077
4787 5076
4786 1464
4785 5075
4783 2454
4782 5074
4781 1070
4780 1267
5821 5699
5820 5698
5823 5701
5822 1078
5824 1477
5827 1478
5829 1479
5828 1779
6916 6327
199 1728
198 1727
195 1726
194 1718
197 1725
196 1723
191 1730
190 1724
193 1912
192 45
6912 6329
2769 3763
2768 1546
2763 727
2762 3759
2761 3758
2760 726
2767 3761
2766 3760
2765 1375
2764 1276
7908 1086
7909 5080
7900 6887
7901 6888
7902 6889
7903 6890
7904 6891
7905 6892
7906 6893
7907 6894
6271 5963
6270 2072
6273 5964
6272 1035
6275 5966
6274 5965
6276 5967
6279 3671
6278 4570
854 2471
855 2474
3450 4232
3451 4233
3456 934
3457 4239
3454 776
3455 1807
3458 777
3459 1214
859 447
6 30
5229 5371
5228 5369
5222 1783
5221 5365
5220 5364
5227 5368
5226 1406
5225 5370
5224 5366
3063 3970
3062 3958
3061 3957
3060 3956
3066 3960
3068 1847
4817 5093
1304 2789
1305 508
1306 2793
1307 509
1300 1119
1301 2786
1302 2787
1303 2788
1308 2795
1309 2796
4587 1395
498 2136
499 2137
494 2134
495 2227
497 2135
490 2131
492 2132
493 2133
6479 6070
6478 6071
6472 1621
6471 6068
6470 6067
6477 6069
6475 3934
6474 2077
6915 6321
7758 6801
7755 6799
7754 6863
7757 1521
7121 6451
7751 6796
7750 6795
7753 6798
7752 6797
3939 2118
3935 4545
3937 807
3936 4546
3931 4543
3930 4542
3933 2963
3932 4544
6718 6218
6719 6220
6717 6219
6714 2303
6715 880
6712 2358
6713 6217
6710 6215
6711 6216
3267 4108
4044 818
4045 4612
4046 4614
4047 2667
4040 816
4041 1826
4042 4609
4043 817
4048 4616
4049 2264
3665 4377
3664 1837
3667 4379
3666 4378
3661 793
3660 792
3663 4376
3662 4375
3669 3127
3668 4380
5582 1152
2578 3646
2579 702
2576 1247
2577 3645
2574 3643
2575 701
2572 3641
2573 3642
2570 700
2571 2291
3593 4328
3592 4201
3591 4326
3590 4327
3597 4336
3596 4335
5038 5245
3594 4329
5036 5244
5037 868
3599 4332
5035 5243
5032 5242
5033 2393
5031 5241
4435 1528
4434 4858
4437 4860
4436 4859
4431 4856
4430 4855
4433 4857
4432 1793
4439 4862
4438 4861
977 388
976 2546
975 464
974 903
973 2544
972 215
971 214
970 2543
979 217
978 216
1243 498
5414 5463
5416 5464
7100 6439
7101 1511
5417 2555
7104 6441
6487 6077
7107 6443
7108 1100
5410 6313
5412 1028
5413 5462
1681 3033
1680 561
1683 3035
1682 3034
1685 3036
1684 3037
1687 562
1686 3038
1689 305
1688 563
1469 2906
1468 263
1465 262
1464 261
1467 2905
1466 2904
1461 2901
1460 2900
1463 2903
1462 2902
4238 4741
4237 4665
4236 4740
4235 1142
4234 1595
4233 890
4232 4738
4231 830
5591 5565
2009 3245
5592 1573
5595 5567
5594 5566
5596 1032
5599 5569
5598 5568
319 145
318 1857
313 414
312 1853
311 959
310 60
317 144
316 1855
315 1854
314 1688
3299 4127
4212 829
443 1998
441 1997
440 163
1331 2811
1330 513
445 2152
444 2000
2299 3433
2298 3432
6934 1505
2293 3428
2292 3426
2291 3425
2290 1586
2297 1055
2296 3430
2295 3429
2294 665
7290 3964
7927 1661
7924 1525
7293 6557
7294 6570
7295 1160
7296 6559
7921 1271
7298 6560
7299 6561
7704 6770
7928 3486
7929 6906
7705 6771
6299 1620
6298 6004
6297 5977
6296 1305
6295 5978
5578 5558
6293 5975
6292 5974
6291 5973
5572 5554
4672 5000
35 36
3438 4223
3439 771
878 385
879 2489
876 2487
877 2488
874 2486
875 384
3434 4218
873 448
3436 4219
3437 4220
2741 3749
2740 3748
2035 3271
4591 5431
4596 4956
2744 3750
2031 3267
2030 3266
4844 5118
2748 3751
4598 4958
4847 5122
4840 5113
4841 5115
4842 5116
2038 3277
5201 5352
5200 1291
5203 5355
5202 5354
5204 2039
5207 5356
5209 5357
5208 3146
5193 5534
3049 3947
3048 3946
3041 3942
3040 3941
3043 3944
3042 3943
3044 3945
3047 3955
3046 3948
7522 6684
1094 2630
1095 2631
1096 2632
1097 477
1090 2711
1092 389
1093 2629
1098 2634
1099 2647
7523 6685
1322 512
1323 2504
1320 2805
1321 248
1326 249
1327 2807
1324 2806
1325 2809
1328 2808
1329 2810
6907 2090
6450 6053
6453 6056
6904 1937
6455 6058
8139 4894
6901 1504
6456 6059
8134 1714
6458 1099
8136 7032
8137 7034
8130 2558
8131 7028
8132 1337
6908 6323
1917 3190
7738 6788
7733 6785
7732 6784
7730 2344
7737 6787
7736 6786
7735 3971
7734 3896
1916 3189
3958 809
3953 4554
3952 4553
3957 4565
3956 808
3955 4556
3954 4555
1546 2946
4062 4623
4063 4624
4061 4622
4066 4627
4067 4628
4064 4626
4065 821
4068 3830
4069 4629
5784 2565
5785 5676
5786 5677
5787 5678
5780 941
5781 5674
5782 5589
5783 5675
5788 5679
5789 5680
3603 4338
3602 4337
3601 4334
3600 4333
3607 786
3606 4340
3605 4339
3604 4351
3609 2301
4593 4953
4453 1286
4452 4872
4451 4871
4450 4873
4457 4878
4456 4877
4455 4875
4454 4874
4459 4880
4458 4879
959 98
958 462
951 2534
950 2533
955 210
954 2535
957 2536
956 461
6334 2074
6337 1306
6330 333
6331 5991
6332 5992
6333 5993
6339 5994
717 183
4969 5205
716 2286
7129 6458
7126 6462
7127 6456
7124 6454
7125 6455
7122 6453
4965 5200
7120 2642
4078 1283
2179 3352
1669 303
1668 3024
1667 3022
1666 3021
1665 3020
1664 2684
1663 3019
1662 302
1661 559
1660 3018
591 2211
590 25
593 2213
592 81
595 2212
594 2215
597 2216
596 2214
599 2218
598 2217
2828 931
2824 3790
2825 2297
2826 3791
2827 3793
2821 2296
2822 997
2823 3788
3386 4285
5415 1294
3384 4185
3385 4186
3382 4183
3383 4184
3380 4182
3381 2384
5418 5465
5419 5467
3388 4187
3389 4188
1409 2866
1408 2865
1403 2235
1402 522
1401 2861
1400 2860
1407 523
1406 2864
1405 2863
1404 2862
4215 4728
4214 4730
4217 4731
4216 3276
4211 1392
4210 4725
4213 4729
693 2272
3961 4559
4219 2389
4218 3331
1545 2945
696 90
1543 2944
3261 4106
1540 2942
5579 5559
1932 3204
5577 5556
5576 5557
1541 2943
5573 5555
3263 4103
5571 5553
5570 4933
3262 4107
5799 1076
3265 1590
5798 1301
3264 4104
339 63
338 417
335 1881
334 416
337 1890
336 1887
331 1876
330 1873
333 1880
332 415
5124 5305
5125 5306
5126 5308
5127 5302
3631 788
6109 3670
6108 5866
6107 3484
6106 2066
6105 3711
6101 5865
6100 5864
3416 4213
3417 1836
3412 4210
3410 1009
3411 4209
3418 4216
4868 5136
4869 5140
2019 3255
2018 3254
2015 3252
2014 622
2017 3253
2016 899
2011 3248
2010 3247
2013 3250
2012 3249
1937 3203
1934 3207
458 2113
1349 2827
450 2007
1341 2821
1342 2822
1343 2823
1344 2824
1345 2825
1346 2826
457 2013
8118 7024
8119 7025
6929 6335
6928 6334
8112 7017
6924 2327
6927 6333
6926 6332
6921 6330
6920 4228
6923 1650
6922 6331
2157 646
7715 6773
7717 6777
7716 6774
7719 6775
4008 4592
4009 2955
4000 4587
4001 4588
4005 4589
4006 4590
4007 4591
3971 1905
3970 811
3973 2791
3974 1320
3977 4571
3976 1089
3979 4573
3978 4572
3629 2530
3628 4352
3621 4347
3620 4346
3623 3388
3622 4348
3625 4350
3624 4349
6446 6052
4479 4897
4478 4895
4471 1838
4470 4889
4473 4890
4475 4896
4474 4891
4477 4892
4476 4893
2953 3879
2464 3839
2465 3549
2466 3551
2467 3833
2460 3554
2461 3555
2462 3530
2463 3531
2469 3622
5347 5426
5341 1027
1023 1050
5343 5422
6312 5981
6313 5982
6311 2593
6316 6357
6317 5987
6314 5983
6315 5984
6319 5985
5348 5427
7684 6762
1645 3011
1644 3010
1647 3027
1646 555
1641 297
1643 3009
1642 3008
1649 556
1648 298
579 168
578 2199
573 2195
572 2194
571 2193
570 2192
577 2198
576 2197
575 422
574 2196
2808 3785
2809 1248
2802 3781
2803 3782
2801 1048
2807 3784
2804 3783
2805 1547
1421 2868
1420 527
1423 2870
1422 2869
3368 4171
1424 2871
5434 4932
1426 2872
1429 2876
1428 255
3366 4174
3367 4175
3360 4163
3361 4169
3362 4170
3363 3924
4273 4761
4272 2956
4277 4764
4276 1017
4275 4760
4274 4765
1201 493
4279 4767
4278 4766
608 423
5555 5546
4862 5127
5551 5542
5550 5541
5553 5545
4863 5130
5559 1953
4860 5120
4861 5126
4866 3889
4867 5135
4864 5223
5883 5729
5882 4191
5880 5202
5887 1882
5886 1429
5885 5731
5884 5730
5889 5733
5888 5732
6554 2079
6555 1495
6550 6125
6551 6189
6552 1494
6553 1309
8270 7110
5875 5725
357 1911
356 64
355 1908
353 1910
352 1909
351 1907
350 418
7508 5694
7509 6676
359 146
358 65
6124 1437
6127 5878
6126 5875
6121 5874
6120 5873
6123 1091
6129 5876
6128 5877
2190 3360
3225 4080
2191 3361
4631 1397
2193 651
2259 3401
2258 2201
2257 662
2256 1274
2255 3399
2254 3398
2253 661
2252 660
2251 1900
4636 4983
3224 4079
4635 4992
4800 5084
4801 5138
2787 730
4638 4984
4804 5086
4805 5087
4806 5088
2782 3770
4808 860
4809 2883
2789 3775
2788 3774
2079 630
2073 628
2072 1366
2071 627
2070 3292
2077 3293
2076 629
3221 4073
3220 4072
3223 4078
3222 4077
7080 6425
7082 6427
7085 6428
7084 6431
7087 6429
7086 6430
7089 6434
7088 2845
6495 6085
6494 6083
6497 6086
6496 879
6491 2078
8175 3414
6493 6082
6492 6081
8178 1452
8179 7058
6498 1154
7581 6716
6949 6341
6948 1041
6943 6340
6942 3633
6941 6339
6940 6338
6947 6342
6946 1157
6945 1710
4398 4842
4399 4837
4393 4835
4394 4836
4395 4839
4396 4840
4397 4841
3197 4053
1367 2839
3195 4051
3194 4050
1362 2835
3192 760
3191 1825
3190 4041
479 2125
3199 4055
3198 4054
4026 4600
4027 4601
4024 815
4025 4599
4023 4598
4020 4597
4021 814
4028 4602
3999 3094
3998 4586
3997 4585
3995 4722
3992 4584
3991 4583
3990 4580
298 141
299 56
296 1814
297 1815
294 1810
295 1813
292 1811
293 1812
290 140
291 1805
587 356
581 22
2442 3534
2443 3535
2440 1371
2441 3533
2446 3538
2447 3540
2444 3536
2445 3537
2448 3541
2449 3542
7867 6868
7866 6867
7865 6866
7864 6865
7863 6864
7862 1530
7861 7066
7860 2101
5486 5497
7869 6896
7868 6869
6378 6011
6379 6012
5485 5496
6371 6007
6374 6008
6375 6009
6376 1485
6377 6010
5483 5495
1436 2881
1437 529
5405 5458
1435 528
1432 1166
3394 768
1991 617
1990 616
1621 548
1992 618
1627 3000
1626 3001
1997 619
3200 2018
1629 551
1628 550
3209 4062
3208 4061
5058 1268
2860 3812
2861 3815
2862 3818
2863 3819
559 392
558 2185
2866 3813
2867 3814
555 2182
554 2181
557 2184
556 2183
551 2174
550 2178
553 2180
552 2179
3539 4291
5055 869
1199 491
5459 1073
3348 2383
3349 4158
1191 489
1190 345
1193 346
1192 1235
5454 1570
1194 2723
1197 2725
1196 490
4259 4757
4251 4752
4250 4751
4252 4753
4255 4755
4254 2669
4257 4756
4256 832
5533 3668
5532 5529
5531 5527
5530 5526
5537 5533
5536 5532
5535 5531
5534 5530
5539 2238
4263 834
6572 6128
6573 6129
6570 1869
6571 2080
6576 1497
6577 6134
6574 6130
6575 6131
6578 6135
6579 6136
7694 1520
7695 1711
7696 6766
7697 6767
7690 5700
7691 2360
451 2001
7698 6768
7699 1576
3834 4488
3835 1735
3836 4489
453 2009
3830 801
3832 4397
3833 4487
454 2010
3839 4492
455 2011
3207 4060
456 2012
379 70
378 148
7520 5353
7527 6688
7524 6686
7525 6687
371 20
370 67
373 68
372 419
375 1922
374 1921
377 69
376 1923
6143 5884
6142 5883
6141 5882
6147 5888
6146 5887
6145 5886
6144 5885
6149 2067
6148 2239
8110 7023
8111 7016
3204 4058
8114 7020
8115 7021
5549 5540
6500 6087
2274 3411
2277 2015
2276 983
2270 3410
2273 663
2272 3468
2278 3415
5543 4
5545 1151
2051 3280
2050 3279
2053 1273
2052 3281
2055 623
2054 3282
4828 1200
4829 5101
4534 1849
4827 864
4536 1347
4825 5099
4530 1565
4531 850
4820 863
4533 4922
7980 6941
7981 6942
7982 6943
7985 6944
7986 6748
3782 4463
7326 6571
3783 4465
7320 6569
7321 6606
7323 2331
7329 6574
7065 6419
7064 6418
7063 1443
7062 4567
7061 6417
7060 2640
3786 4466
6961 6352
6960 6351
6963 6354
6962 6353
6965 337
6967 1354
8159 7046
6969 6356
6968 6355
8155 7043
8152 7041
8153 7042
8150 7113
5899 5739
8229 7096
5421 1254
414 1962
415 72
416 1963
417 901
410 1959
1389 251
412 1996
413 1961
1384 398
1385 521
1386 2851
1387 2852
418 1964
419 1094
1382 520
1383 2850
5461 5485
8107 7019
1775 3097
5460 5484
1774 313
1777 1540
1770 2472
5463 1416
8101 7010
1772 579
6688 6203
6689 6204
6680 4323
6681 5288
6682 1441
6683 6200
6684 6201
6685 2085
6686 2086
6687 6202
2428 3523
2429 3524
2420 3520
2422 3304
2423 2947
2424 3522
2425 1842
2426 683
2427 3525
7849 6855
7848 6854
7845 6853
7844 6852
7841 6849
7840 6133
7843 6851
7842 6850
6356 6002
6355 6001
6350 5998
6351 6006
6359 6003
5466 1990
1814 978
1816 585
1810 3119
1811 584
1812 3120
1813 3121
1819 2278
2165 924
4953 1023
8109 7022
2167 3343
1609 2986
1608 546
3229 4084
3228 4083
1979 612
1978 3229
1601 2981
1976 3228
3227 4082
1602 2982
1605 2983
1972 1677
1607 2985
1970 2446
4954 1865
8108 7012
2848 3803
2849 3804
2846 3801
2847 3802
2844 1797
2845 3800
2842 3990
2843 323
2840 3799
2841 4966
3320 2382
3321 766
3322 4143
3323 4144
3324 2019
3325 4145
3326 4146
5471 4236
5478 5493
5479 1471
5519 5518
5518 5517
5511 1031
3038 3939
5513 2043
5512 5513
5515 5514
5514 3716
5517 5516
3039 3940
1559 2961
536 2159
534 2158
532 4070
531 2155
530 2156
539 2160
538 165
1908 601
1909 3184
1906 3182
1907 3183
3296 4125
6518 6100
6519 6101
3297 1610
6510 6094
6511 1490
6513 6095
6514 6096
6515 6097
6516 6098
3291 764
1900 3179
1901 599
3812 800
3813 1104
3810 4478
3811 2168
3816 1387
3817 4481
3814 4479
3815 4480
3819 4705
7549 6696
7540 6692
7544 1448
7545 6697
7546 6698
6169 5898
6168 5897
6161 2068
6160 5895
6162 4311
6165 5896
6164 2703
6166 1188
2213 3373
2212 3372
2211 1168
2210 655
2217 3377
2216 3376
2215 3375
2214 3374
2219 3379
2218 3378
4510 848
4511 4916
4516 4918
5289 2041
5288 1410
5281 5393
5280 5392
5283 5395
5282 5394
5285 2040
5284 5397
5287 5396
5286 5398
7302 6563
7300 6562
7301 1632
7306 1956
7304 3513
7305 6564
7309 6566
7045 6408
7044 6406
7047 1510
7046 6410
7041 6404
7040 1158
7043 6405
7042 2988
7049 6414
7048 6412
6987 5693
6986 6470
6985 6365
6984 6364
6983 6037
6982 1982
6981 6363
6980 1507
8023 6994
2989 3908
2988 3907
2983 3903
2982 3902
2981 739
2980 3901
2987 3906
2986 3905
2985 3904
1018 471
1019 2580
1014 223
1016 2578
1017 2579
1010 2972
1011 2575
1012 470
1013 2577
4358 4815
4359 2491
4354 4813
4355 2421
4357 4814
4351 1393
4352 4811
4353 4812
438 1995
439 75
436 1993
437 1994
434 1992
435 162
432 160
433 161
430 1987
431 159
5708 5638
5709 2415
5704 5637
5705 2048
5706 2909
5707 5639
5702 5635
5703 5636
8025 6084
1050 2599
5356 5432
1052 2600
1430 2877
7829 6842
1053 897
7822 6838
7821 6837
7827 6840
7826 6839
1055 229
4926 5178
1431 2878
1832 3138
1833 1822
1830 3136
1831 3137
1836 587
3798 4473
1834 3139
1835 586
3795 4471
3794 4472
3797 4470
3796 1862
3791 4469
3792 1013
4981 1401
2155 3339
2404 3508
2405 3509
2402 3506
2151 645
4987 3891
2153 3405
4989 5220
4988 5219
2159 3340
2409 321
1955 1641
1956 605
1951 3218
1950 1599
1953 604
1952 3230
1959 3220
1958 3219
3249 4099
3248 4098
3243 1684
3242 4093
3241 4092
3240 4091
3247 4097
3246 4096
3245 4095
3244 4094
4925 5175
1993 3236
1483 2914
1482 531
1481 2913
1480 2912
1487 270
5499 2614
1485 269
3309 765
3306 4168
3307 1382
1489 271
1488 2915
3302 4129
3303 4130
3300 4128
3301 2576
1270 1316
613 171
610 2223
1273 2771
1995 3238
1275 2773
2060 624
614 2225
2061 3287
615 2226
2062 625
2063 3288
1994 3237
2064 3289
2797 2295
519 2146
2066 626
511 2143
513 2142
515 1167
514 77
517 391
516 2145
1227 2746
1226 2745
621 2230
620 2228
1223 2742
1222 241
625 2231
1220 239
628 361
1229 2748
1228 2747
8291 883
8290 340
8293 884
8292 911
8295 1112
8294 1131
8297 1526
8296 3578
6538 6115
6539 6116
3878 4511
3870 4506
3871 804
3872 4507
3873 1280
3875 2436
3876 4510
3877 4512
7567 2337
7564 6702
7565 6705
7563 6701
7561 2098
7569 6706
4167 4696
4166 4694
4165 4693
4164 4692
4163 4691
4162 826
4169 4698
4168 4697
2239 3393
2238 3392
2231 1967
2230 3387
2233 2953
2232 3389
2235 3390
2234 1745
2237 656
2236 3391
5937 5762
5936 1256
5935 5761
5934 5760
5933 1432
5932 2059
5931 2058
5930 5759
5939 5765
5938 5763
4608 4963
3498 1216
3499 4266
3496 4262
3497 4265
3494 4259
3495 4260
3492 4256
3493 4257
3490 4258
3491 4263
2095 633
2094 3539
2097 634
2096 3303
2091 632
2090 3301
4576 4947
4577 4948
4578 852
2099 3306
4604 1396
4605 2207
7360 6593
7362 3635
7363 6594
7365 5286
3 6
7023 3895
7022 6391
7021 1509
7020 6390
7027 6395
7026 6394
7025 6393
7024 6392
7029 6397
7028 6396
7594 6719
7799 2346
7791 2099
7790 6823
7792 6824
7795 1449
7797 6426
7796 6825
1038 1051
1039 956
1032 226
1033 2586
1030 1046
1031 472
1037 2587
1034 473
1035 227
4378 4829
4379 4831
4372 4826
4373 937
4370 4825
4371 4824
3335 4147
4377 4828
4375 4827
4080 4636
4082 4638
4083 4637
4085 4639
4086 3888
4088 823
4089 4640
5729 5647
5722 5646
5720 5645
5721 1423
5726 4901
8084 6995
8085 6996
8086 6997
8087 6998
8080 6992
8081 6993
8083 1713
8088 6999
8089 7000
6648 6177
6649 6178
6644 6172
6645 6173
6646 6174
6647 6175
6641 5801
6643 6171
7801 6828
7800 6826
7803 1336
7802 6830
7805 6829
7804 6827
7806 6831
7809 1270
7808 6832
6398 6028
6399 6024
6392 6021
6393 6022
6391 6020
6396 6026
6397 6027
6394 6023
6395 6025
2396 3502
2397 679
2394 3500
2395 3501
2392 3498
2393 3503
2390 3497
2391 3499
2398 905
2399 3504
1858 593
1859 594
3840 4493
1852 3148
1853 3149
1855 402
1856 3150
1857 592
2172 3347
2173 3348
2170 3345
2171 3346
2176 3350
2177 3351
2174 1177
2175 3349
4967 5201
4966 4568
2178 648
4964 1566
4963 5197
4962 866
5697 331
5432 2394
3847 803
5430 1412
1933 3205
3260 762
1931 3202
1930 3201
5128 5303
5129 5304
1935 1707
3266 2700
3269 4111
3268 4109
1939 3208
1938 3206
5120 2422
5121 2037
5122 5301
5123 1025
7944 6918
1427 2873
7945 6919
5435 5473
7234 6529
7940 6915
5438 5475
7941 6916
5439 1108
7942 6917
6886 6312
6884 6309
6885 6310
6883 6308
6880 6306
6881 6307
6889 6504
605 2222
604 26
607 357
606 115
601 953
600 82
602 2221
1205 2730
1204 2729
1207 2732
1206 2731
609 170
1200 492
1203 494
1202 2728
8106 7018
8277 5270
8276 5798
8275 3080
8274 7114
8273 7112
8272 7111
8271 5685
8100 7009
1353 514
467 2120
1357 967
2059 3286
463 2117
1354 2831
8265 7107
7588 1335
5554 5543
7585 6717
7586 6718
7587 1654
7580 6715
2058 3285
7583 5684
5552 5544
6483 6073
6481 1489
4149 4684
4148 4683
4145 4680
4144 4679
4147 4682
4146 4681
4141 4676
4140 4675
4143 4678
4142 4677
3856 2388
3854 1014
3855 4499
3850 4497
3851 4498
3858 4500
5919 5753
5915 5748
5914 5751
5917 5752
5916 5749
5911 5744
5910 6727
5913 5747
4558 2672
4556 4937
4557 1819
4554 4935
4555 4936
4552 3122
4553 4934
4550 2492
4551 1864
6077 5855
6075 5854
6074 5853
6073 5852
6072 5848
6071 5847
6070 5846
6079 5856
6078 3719
2617 1949
2616 3666
2615 3665
2614 3664
2613 3663
2612 709
2611 3661
2610 3660
2619 710
2618 1373
7347 6585
7344 6584
7345 6582
7342 6581
7343 6583
7341 1447
7348 6586
7349 6587
5424 5466
7009 6380
7008 6379
7001 6373
7000 6372
7003 6375
7002 6374
7005 1508
7004 6376
7007 6378
7006 6377
5427 5469
741 186
742 961
743 404
744 431
745 2361
746 405
748 406
749 374
1185 487
2949 3876
2948 3875
2947 3874
2946 1181
2945 3873
2944 3872
2941 3870
2940 1846
5357 5433
1051 2601
5355 5430
5354 3494
5353 5429
5352 5428
5351 1411
5350 3931
1058 2602
1059 2603
5358 5434
4310 1018
4311 2670
4312 4782
4313 4783
4314 4784
4315 2025
4316 4785
4317 4786
4318 4787
4319 4788
5423 1029
3119 4002
3118 4001
3117 754
3115 4000
3114 753
3113 3997
3112 3996
3111 3995
3110 3994
5422 5468
5740 2456
5741 5652
5743 1202
5744 5654
5745 1424
5746 5655
5747 5657
5748 5658
5749 5659
5267 3930
5264 5435
1704 3052
5262 1409
5261 5385
5260 3693
1603 1121
6668 2084
6663 2083
6660 6188
6661 5203
6666 6190
6665 1353
7 341
2134 641
2135 1054
2378 1747
2379 3490
2374 3489
2375 987
2376 2699
2132 3323
2370 3487
2371 986
2372 3488
2373 3528
1876 3162
1874 3158
1875 3159
1872 3161
1873 3163
1870 3157
1871 3160
1879 3164
4945 5189
4944 1022
4947 5190
4946 2676
4940 1466
4943 5188
4942 329
4948 5191
2118 3314
2119 639
2110 3311
2111 3312
2112 2473
2113 3519
2114 637
2115 3313
2116 2362
2117 638
1919 348
1918 1176
5109 5291
3288 4122
1911 3185
5103 2202
1913 3187
3284 763
5106 873
1914 3188
5104 5289
3280 4115
883 2494
882 386
881 199
880 2493
887 449
886 2495
885 200
889 2497
888 2496
5245 1408
7505 6675
7506 5722
7501 6672
7502 6673
7503 6674
6869 1040
6864 6298
6865 6301
6866 6299
6867 6300
6860 1503
6861 6295
6862 6296
6863 6297
8255 7101
8254 7100
1269 2768
1268 2767
8251 7097
669 2262
668 178
667 87
666 2260
1261 246
664 86
1267 965
662 2256
661 2255
1264 2766
5102 5287
5100 872
1912 3186
7618 1356
7619 6737
7614 6733
1915 1264
7616 6735
7617 6736
7610 6729
7611 6730
3282 4136
3281 4116
5105 5290
4129 4666
4128 4664
4123 4661
4122 4660
4121 4657
4120 4656
4127 2590
4126 4663
4125 4662
4124 825
5689 5628
5688 5627
5685 5625
5684 1297
5687 5626
5686 5624
5680 1422
5683 1222
5682 5623
5978 5820
5973 2060
5972 1433
5971 5781
5970 5780
5977 2680
2587 705
2586 3651
2585 704
2584 3650
2583 3649
2582 3648
2581 3647
2580 703
2589 1345
280 54
6059 2949
6058 5839
6055 3422
6054 4237
6057 5838
286 16
6051 5834
6050 5833
6053 5836
6052 5835
2639 3683
2638 2447
2635 3680
2634 3679
2637 3682
2636 3681
2631 3675
2630 3674
2633 3677
2632 3676
3544 4296
3545 4297
3547 1861
3540 4292
3541 1557
3542 4293
3543 4294
3548 2004
3549 1591
2965 3886
2964 3885
2967 3887
769 962
2961 3883
2960 3882
2963 1002
2962 3884
762 432
763 433
760 375
761 187
2969 3898
767 2403
764 434
765 188
5378 1171
1078 2619
1079 2620
5375 3448
5374 5445
5377 5447
1075 475
1072 2612
5370 5441
5373 5444
5372 5443
5583 5562
4338 1019
1534 537
4336 4799
4337 4800
4334 4798
4335 841
4332 1285
4333 4797
4331 2671
3135 4012
3134 4014
3137 4015
3136 756
3131 4010
3130 1950
3133 4013
3132 4011
3138 2727
1533 284
1622 549
1532 283
5180 5334
5768 5669
5769 5670
5766 5667
5767 5668
5764 5665
5765 5666
5763 5664
5760 1475
5761 5663
1531 282
5181 5335
8192 2350
8193 7068
5186 5339
8190 7067
8197 7072
8194 7069
5187 5340
8195 7070
2978 3900
7427 6625
7426 6624
7425 6623
74 1697
7423 3746
7422 1920
7421 6621
7420 6620
2250 3397
7429 6627
7428 6626
1625 2999
6600 1499
6601 6147
6602 6148
6603 6149
6604 6150
6605 6151
6606 1693
6607 6152
6608 6153
6609 6187
5185 5338
2470 686
79 1236
78 1234
5362 4727
1042 2594
5360 5436
5361 5437
5366 5439
1046 2596
5364 3632
5365 5438
2359 3470
2352 3466
2353 3467
2350 673
2351 3465
2356 1678
1049 396
2354 985
2355 3590
1899 3178
3737 3400
1895 3175
3735 4429
1897 3177
3733 4423
1891 3172
3731 4431
3730 4430
4923 5161
4922 5180
4921 5179
4920 5177
4695 5016
2133 3324
4697 5018
4696 5017
4699 5020
4698 5019
4929 1071
2138 3326
2139 3327
5160 5321
5161 5322
5162 1026
5163 5324
5164 5325
5166 5326
5167 5323
4803 5085
2781 2636
2780 3769
2783 3771
4807 5089
8256 7102
8253 7099
8252 7098
1262 2765
665 177
1799 1701
1260 501
1793 1753
1792 1364
1791 581
1790 3104
1797 3108
1796 3107
1795 3105
1794 3240
6848 6289
6842 6284
6843 6285
6840 1780
6841 6283
6846 6288
6847 6290
6844 6286
6845 6287
6590 2173
8232 7085
6592 1331
6594 2081
6595 1851
8235 2990
6598 6146
6599 1440
8238 7089
7638 6744
7639 6743
7632 339
7630 6741
7636 6344
7637 7109
7634 2645
5344 5423
5345 5424
3092 752
3093 3981
3090 3978
1242 2754
1245 2756
1244 2755
3094 3982
1530 2996
649 2247
648 2246
3098 3984
3099 1683
5346 5425
1539 2941
1538 285
4100 4647
4103 824
4105 4650
4104 4649
4107 4653
4106 4652
4109 4651
4108 4648
7613 6731
3898 1015
3892 325
3893 2701
3890 4518
3891 4519
3896 4522
3897 1125
3894 4520
3895 4521
5950 1617
5952 5771
5955 4904
5956 3669
5959 5776
5958 5774
1454 2894
1455 2895
6039 5827
6038 5826
6033 5821
6032 2065
6031 5819
6030 5818
6037 5824
6036 5823
6035 5825
6034 5822
2659 3695
2658 2377
2653 714
2652 1103
2651 322
2650 2635
2657 716
2656 3692
2655 715
2654 1374
7389 2095
7382 6602
7383 6603
7380 6599
7381 1311
7386 2332
7387 4399
1452 2893
3562 784
3563 4306
3560 4303
3561 4305
3566 4309
3567 1592
3564 4307
3565 4308
3568 785
3569 4312
4485 847
4486 4900
4487 4981
4480 2259
4481 4304
4482 1839
4483 1067
4488 2026
4489 4905
2903 3851
2902 2299
2901 3848
2900 735
708 2279
709 2281
2905 3850
3035 3937
704 182
705 427
2909 324
707 428
700 181
701 2276
703 2277
5313 5404
5312 2957
5311 3580
5310 5098
5317 5408
5316 5407
5315 5406
5314 5405
1986 3233
1631 3003
1632 3004
3153 4023
3152 4022
3151 4021
1633 552
3156 4025
3155 2633
3154 4024
1634 3005
3159 4027
3158 4026
1635 3006
1980 3231
1981 3232
2482 3564
1459 2899
1266 1892
2481 3563
7409 6614
7405 6613
7404 6612
7407 2509
7401 6609
7400 1517
7403 6611
7402 6610
2815 995
2814 951
6628 1622
6626 6164
6627 6163
6624 334
6625 6162
6622 6160
6623 6161
6620 6294
6621 3223
2819 996
1340 2820
2818 2016
4714 5031
2331 3456
4716 5032
2333 669
4710 5029
4711 5030
2336 3459
2337 3460
2338 1370
2339 670
4718 5034
4719 858
3715 4418
3714 4417
3717 1139
3711 4415
3713 1593
3712 4416
3719 4420
3718 4419
8189 7065
4909 5165
4908 5163
2488 3566
4678 2453
4901 5157
2487 3565
4903 5158
4674 5007
4905 5160
4904 5159
2480 3562
4670 5005
5148 2038
5146 3124
5144 876
5145 5268
5142 5313
5143 6525
5140 1467
5141 2685
120 1532
121 1534
122 1535
123 1581
124 1582
125 1742
126 1584
127 43
128 1598
129 1605
7221 6519
1188 2720
7956 6926
1189 2721
7955 6925
1186 488
7954 6924
3376 1384
7953 6923
1184 2882
7952 4807
5426 2455
1182 2716
7950 6922
3371 889
1181 3606
7246 5602
7245 6535
7243 5199
7241 6534
7240 6533
6821 6273
6822 6274
6824 6275
6826 4238
6828 6277
6829 6278
6676 6196
8219 2109
8170 7052
8171 7053
8211 7078
8213 7079
8212 1130
8215 7080
8172 7054
8216 7081
7650 6751
7651 1580
7652 1658
7653 5333
7658 2339
8174 1087
6490 6080
8177 7056
3390 4205
3393 1555
1519 2931
1518 279
3392 4190
1515 2928
1514 278
1517 2930
1516 2929
1511 2925
1510 2926
1513 277
1512 2927
3397 4194
3396 4193
263 1781
261 52
260 1776
267 1789
266 1788
265 1785
264 1784
269 1791
268 1790
6010 2063
6013 5803
6015 5806
6014 5805
6017 5808
6016 5807
6019 5810
6018 5809
988 2550
989 466
982 395
983 218
980 2547
981 920
986 2549
987 2559
984 2548
985 465
1388 2853
3508 4295
3509 4269
5089 5278
5088 5277
3500 4267
5081 5272
5080 5271
5087 5276
5086 5275
5085 5274
5084 5273
2671 3700
2670 1894
2673 3701
2672 1844
2675 3702
2674 1930
2677 3704
2676 3703
2679 2874
2678 3092
1209 2734
2929 3861
2928 1588
2921 3859
2923 736
2922 999
2925 1278
2924 3860
2926 1000
5330 5414
5333 5415
5332 5416
5335 1569
5334 5417
5337 5420
5336 5418
5339 5419
2037 3273
3171 2758
3173 1552
3172 4036
3175 4038
3174 4037
3176 4039
726 2305
727 2306
724 2304
725 373
722 430
723 92
720 2289
721 2290
728 2307
729 2308
1164 485
1165 486
1166 1052
1167 236
1160 235
1161 2698
1623 2998
1168 237
1169 2707
1366 2838
3196 4052
1380 2848
1365 2837
3193 2722
2785 1799
477 895
1713 3057
1360 515
5253 2531
1361 2833
1711 3050
1381 2849
1710 3055
8009 6953
2784 3772
8006 6952
8007 6347
8000 6949
8001 6950
8002 2646
1715 3058
2032 3268
1714 568
7469 6656
7468 6655
1368 2840
3728 4427
7461 6648
1369 2842
7467 6651
7466 6652
7465 6650
1864 319
3724 1818
2786 3773
1868 3155
4931 5181
4932 5182
4682 5010
4935 5185
4733 5041
4736 5042
4737 5045
2318 3450
4735 1090
2316 3447
2317 3449
2314 3444
2315 3445
2312 3442
2313 3443
2310 3440
2311 3441
5854 5711
5855 5713
5856 5714
5857 5715
5850 2056
5852 5709
5853 5710
5859 5716
3772 1560
3771 4455
3770 3431
3777 4458
3776 1561
3775 4457
3774 4456
3779 4460
4655 4991
4654 3032
4651 4989
4650 1850
4653 1989
4652 4990
4659 4993
4658 909
7889 6881
7888 6880
7881 6345
7883 6876
7882 2400
7885 6875
7884 6877
7887 6879
7886 6878
108 10
109 1457
102 1342
103 1344
100 1339
101 1928
106 1360
107 1456
104 1359
105 343
6056 5837
7517 2336
7269 6545
7268 6544
7265 6541
7267 6543
7266 6542
7260 6540
7262 2644
6204 5921
6205 5923
6206 5924
6207 5925
6200 5917
6201 5918
6202 5919
6203 5920
7513 6681
6208 5928
7512 1939
7511 6678
6808 6263
6809 1980
6806 2638
6807 6264
6804 6262
6805 1627
6802 6261
6803 1979
6800 6259
6801 6260
7678 6759
7679 6760
7676 6757
7677 6758
7675 2343
7672 1659
7673 2342
7670 6756
1759 3095
1758 311
1757 576
1756 3083
1755 3082
1754 975
1753 3081
1752 310
1751 3100
1285 505
1284 504
1287 1774
1286 506
1281 2777
1280 2776
1282 503
1241 243
1579 2971
1578 2970
689 2269
688 2268
1573 292
684 426
687 370
686 1578
681 369
1576 2969
683 2267
682 1161
1240 1669
5629 5592
5628 5591
5627 5588
5626 1473
5625 5590
5624 1187
5623 2044
5622 5586
5620 1418
5995 6000
5994 1434
5997 5794
5991 2061
5990 5791
5993 5793
5992 5792
5999 5797
5998 1148
6781 6251
6780 946
6783 2087
6782 6252
6784 1442
6787 6253
6789 2325
6788 1502
1246 2757
7498 5342
245 1758
244 1757
247 1759
246 48
241 1798
240 1755
243 113
242 1756
249 1820
248 1768
7490 3413
7491 2096
4673 5002
3698 4405
3690 4396
3691 1386
3692 4392
3693 4400
3694 4401
3695 4402
3696 4403
3697 4404
2156 3338
3526 4283
3527 4284
3524 4281
3525 4282
3522 4279
3523 4280
3520 1556
3521 4278
3528 4325
3529 781
2150 3336
4539 4876
2699 3709
2698 3727
2697 993
2696 721
2695 3726
2694 3725
2693 929
2692 3722
2691 3721
2690 3720
2152 3337
1142 2688
1143 2689
1140 1646
1141 1647
1146 2692
1147 2693
1144 232
1145 2691
1148 2694
768 2404
2966 1182
7199 6601
7198 6508
7193 6503
7192 6502
7191 6501
7190 6500
7197 6507
7195 6506
7194 6505
766 2374
13 891
2968 1548
8028 5184
6406 6029
8020 6960
8021 6247
8027 6961
8024 3694
6407 1308
7441 6630
7440 3999
7443 1883
7442 1633
7445 6634
7444 6631
7447 6636
7446 6635
7449 2335
7448 6633
8184 7059
8187 7064
8186 3123
4282 4769
4283 4770
4280 4768
4284 4771
4285 4772
4289 837
381 1925
382 1926
383 1929
384 1931
386 1924
387 1927
388 5914
389 354
4759 5064
4750 5056
4751 5057
4752 5059
4753 5060
4754 5058
4755 5061
4756 5062
4757 5063
5872 1351
5873 5723
5871 1480
5876 5726
5877 5727
5874 5724
1077 1047
5878 5728
1074 1458
3759 4446
3758 4445
5376 5446
3751 4440
3750 4439
3753 4441
3752 1460
3755 101
3754 4442
3757 4444
4633 4982
4632 1287
2192 3362
4630 4980
2194 3363
2195 1744
2196 3364
2197 3365
2198 3366
2199 3367
4639 2274
1071 2611
2044 3258
4810 5090
168 123
169 1771
164 2122
165 1673
166 1706
167 122
160 1667
161 1668
162 1671
163 121
2040 3246
2041 3394
6196 5905
6197 5906
6190 5922
6191 5926
6192 5927
6193 5929
6198 1153
6199 5916
2734 3743
2736 1748
2737 3744
2730 3739
2731 3740
2733 3741
2738 3745
2739 3747
8224 2110
679 3106
7203 6509
7201 2643
7206 6511
7205 6510
7204 5198
6222 5939
6223 5940
6220 5937
6221 1888
6226 2681
6227 332
6224 5938
6225 4226
6228 5942
6229 944
5558 5547
808 2433
803 437
802 193
801 2430
800 2429
807 2432
806 377
805 438
804 2431
5274 4633
5275 5388
5276 5389
5277 5390
1771 578
5271 3116
1773 3096
5273 1468
5278 5391
1778 3098
1551 2958
1550 540
1553 2952
1552 2951
1555 287
1554 2959
1557 289
1556 288
3034 748
1558 2960
3036 3776
3037 3938
3030 1682
3031 3935
3032 3936
3033 1361
5605 1075
5604 5574
5607 5576
5606 5575
5601 5571
5600 5570
5603 5573
5602 5572
5609 5579
5608 5577
6424 1976
6426 6039
6427 3933
6421 2172
6422 2076
6423 6038
6428 6041
6429 6040
4694 5015
6769 2616
6768 6245
6767 6244
6766 6243
6765 335
6764 6242
6762 3224
6761 6241
6760 6240
228 133
227 132
226 47
225 1754
224 46
223 1752
222 1751
221 1750
2509 3581
2508 695
2507 2376
2506 694
2505 3579
2504 693
2503 3577
2502 3576
2501 1898
2500 3575
5048 5250
5047 5249
5046 5248
5045 2036
5044 2678
5043 2677
5040 5247
2160 1246
1524 280
1525 281
1526 2937
1255 2761
1252 2759
1521 536
5182 1829
1250 499
3206 4059
3205 2545
1620 2997
3203 4057
3202 4056
3201 3193
1996 3239
5188 1405
1128 481
1129 2662
5189 1643
1120 2660
1123 898
1124 479
1125 231
1126 2661
1127 480
8040 6964
8041 6965
8042 1230
8043 4999
8044 2106
8045 6966
8046 6967
8047 6968
8048 6969
8049 6970
2864 3821
2865 3822
2868 3816
2869 3817
4776 1809
4777 2372
4774 5073
4773 5072
4771 5070
4778 3631
4779 3928
5818 943
5819 1476
5810 5691
5811 1971
5812 1329
5813 5692
5814 942
5815 5695
5816 5697
5817 1955
4619 4973
4618 4972
4611 4967
4613 853
4612 4968
4615 4969
4617 4971
4616 4970
4880 4234
7424 6622
4881 5145
2707 994
146 1645
147 110
144 352
145 1642
142 1638
143 1639
140 109
141 1637
4884 1399
149 1648
4886 4560
2702 3712
3342 4154
3343 4155
3340 4152
2713 1721
2711 3729
2716 3731
2717 3732
2715 3730
3346 1611
2718 3733
2719 3734
5455 5483
7957 2103
7220 6518
7223 6520
7222 4229
7225 1513
3344 4156
7227 6522
7226 6521
7229 6524
7228 6523
3345 4157
7959 6927
6248 5952
6240 5946
6241 1973
6242 5948
6243 2070
6244 5949
6245 5950
6246 1204
6247 5951
829 440
7615 6734
825 439
824 2445
827 1786
826 196
821 2442
820 195
823 1097
822 380
6976 1938
8161 7048
8167 7051
5252 5383
1712 3056
5250 5379
5251 5384
1717 401
1716 308
5254 3
5255 3478
1719 3059
1718 309
5942 5764
3018 1004
3019 3923
3012 3919
3013 3920
3010 743
3011 3918
3016 3921
3017 3922
3014 744
3015 1186
4189 1127
4188 2668
4181 2437
4180 4704
4183 1140
4185 4707
4184 4706
4187 4709
4186 4708
5663 2047
5662 5611
5661 5610
5660 5609
5667 5615
5666 5614
5665 5296
5664 3482
5669 5616
5668 5612
11 408
10 105
6400 1307
12 885
15 409
14 892
17 913
16 912
19 32
18 914
6408 6030
6409 2075
8181 7061
8180 7060
8183 7063
8182 7062
7765 6110
7766 6806
7767 6807
7760 6803
7761 6804
7762 6805
7763 1522
7768 6808
7769 6809
3904 4526
3905 4527
3906 4528
3907 4529
3900 4523
3901 4524
3902 4525
3903 805
3908 2451
3909 4530
6745 6231
6744 6230
6747 6311
6746 6232
6749 6233
201 1732
200 1731
203 1734
202 1733
205 1736
204 412
207 1738
206 1737
209 1740
208 1739
831 2461
836 441
837 442
3473 1010
3658 4373
3659 4374
3654 4368
3655 4370
3656 4371
3657 4372
3650 791
3651 4366
3652 4367
3653 4369
2524 4264
2527 3599
2526 3598
2521 3594
2520 3591
2523 3596
2522 3595
2529 3604
2528 3600
5065 5261
5064 2315
5067 5263
5061 1219
5060 5258
5063 5260
5062 5259
5069 5262
5068 5264
4408 4844
4409 5804
4404 4843
4405 4845
4406 5999
4407 5386
4400 1197
4401 1462
4402 2005
4403 1886
928 1174
929 451
920 2520
921 2521
922 207
923 2515
924 2522
926 2525
927 2524
5393 3412
5392 1293
5391 5454
5390 5453
5397 5456
5396 5587
5395 5455
5399 5459
5398 5457
7451 6637
784 1163
785 2424
786 2412
787 2523
780 2417
781 2418
782 2419
783 2420
788 2413
789 190
2357 3469
7159 6481
1370 2843
7157 6478
7156 6477
7155 6476
7154 6475
7153 6474
405 155
7151 6473
7150 6704
404 1947
403 1536
402 154
401 1946
8068 3638
8069 6984
8066 6983
8064 6981
1376 2846
8062 6979
8063 6980
8060 6977
8061 6978
7485 6666
7484 6665
7487 6668
7486 6667
7481 6662
7480 6661
7483 6664
7482 6663
2899 3849
2898 3847
2895 3846
2894 3845
2896 3834
2891 3842
2890 3841
2893 3844
2892 3843
1106 2650
1107 2652
1104 2648
1105 2649
1102 2658
1103 397
1100 964
1101 2651
1458 2898
1724 3063
1108 2653
1109 2654
1725 3064
5241 5377
5240 3667
1894 3174
3837 4490
5243 5378
5242 5375
1896 3176
1890 3198
1837 979
1892 3173
1893 598
2136 3325
2137 642
4693 5013
4692 5014
4798 1465
4799 5083
4794 5082
4795 1106
4796 859
4797 2029
4790 5079
4791 1398
4792 328
4793 5081
5836 5707
5837 2396
5834 5703
5835 1972
5832 2055
2130 3321
5830 2054
2131 3322
5838 5046
5839 1426
6902 6318
4 104
2669 718
3004 3916
2778 3767
2779 3768
4899 2033
4898 5155
2770 1777
2771 3762
2772 3764
4890 5150
2774 930
2775 728
2776 3766
4894 5153
7979 2105
7978 6940
7975 6938
7974 6937
7976 6939
7970 6934
7973 6936
7972 6935
6266 5961
6267 5962
6264 5959
6265 5960
6262 945
6263 5958
6261 2071
6269 1691
1589 2976
7528 6689
847 2468
3466 4242
3465 2444
7529 2097
3463 778
842 2465
3461 2790
3460 1279
7158 6480
849 445
848 2469
663 886
2407 3511
1585 544
1739 3073
5239 1840
1731 3066
1730 571
1733 1700
1732 572
1735 3067
1734 974
1737 3069
1736 3068
6909 6324
3070 3961
3071 3962
3072 3963
1596 1322
3074 3965
1590 2977
1593 957
3077 3968
3078 3969
1599 2980
5649 5599
5648 5598
5640 1147
5643 5477
5645 5596
5644 5594
5647 5613
5646 5597
8065 6982
489 2130
488 76
486 2128
481 2127
480 2126
6468 6065
6469 6066
6460 6109
6461 6062
6462 2934
6464 1488
6466 6063
6467 6064
7742 6790
7743 6791
7740 5523
7741 6789
7747 6794
7744 6792
7745 6793
3922 2023
3923 4536
3920 4535
3921 1319
3926 806
3927 4539
3924 4537
3925 4538
3928 4540
3929 4541
6723 3042
6721 4363
6720 1644
6727 6221
6726 6236
6725 1625
6724 4227
6729 6223
6728 6222
6098 1436
6091 5861
6090 5860
6093 5863
6092 5862
6094 1257
6097 1034
6096 2950
3678 4386
3679 4443
3673 4381
3670 1686
3671 2282
3676 4384
3677 4385
3674 4382
3675 4383
2543 3608
2542 989
2541 3607
2540 3605
2547 1178
2546 3611
2545 3610
2544 698
2549 3614
2548 3613
1456 2896
1457 2897
1450 2891
1451 2892
5003 5226
3581 4318
3582 4319
3583 4320
3584 4321
3585 4322
5005 5227
3587 1559
3589 4324
5009 5231
1453 260
902 2505
903 1823
900 2503
4429 4854
906 204
907 205
904 203
905 2507
4422 844
4423 4849
908 450
909 2508
4426 4851
4427 4852
4424 845
4425 4850
3293 1327
7175 6490
7174 6489
7177 6494
1798 317
7171 6565
7170 6608
7173 6488
7172 6487
7179 6492
7178 6491
2916 3857
2917 1196
1696 3045
1697 564
1694 3043
1695 3044
1692 306
1693 3041
1690 3039
1691 3040
1698 3047
1699 3048
1472 265
1473 970
1470 2907
1471 264
1476 266
1474 2911
1478 267
4228 4737
4229 4754
4224 4734
4225 4736
4220 3621
4221 4735
4222 4732
4223 4733
24 958
25 29
5584 1295
27 1194
20 915
21 949
22 952
23 33
28 7
29 34
5588 4531
5589 5564
5309 2592
1061 474
5301 2353
1062 230
5305 2042
1067 2607
2288 3423
2289 664
2280 3416
2281 925
2282 3417
2283 3418
2285 926
2286 3419
2287 3420
4538 4924
411 1960
2057 3284
2056 3283
4826 5100
4535 4923
4927 5750
4824 2030
8233 7086
4822 1906
8231 7084
4823 5097
7759 6802
7919 6900
4532 6660
7913 5343
7912 2220
7911 6895
4821 5096
7916 6899
7915 6898
7914 6897
6288 5972
6596 1498
6286 5970
6287 5971
6280 2318
6281 5969
6282 5968
182 13
183 129
180 1704
181 1705
187 1719
185 1717
188 1720
189 1722
4924 5164
5833 5702
869 2482
868 383
3449 4231
3448 4230
861 918
860 2478
863 197
3446 1903
3441 4222
3440 4221
3443 772
866 382
2024 3260
2025 3261
2754 725
2027 3263
2752 3753
2021 3257
2751 2506
2028 4821
2029 3265
2758 3792
2759 3757
5216 5360
5217 5361
5214 5359
5215 2363
5213 5358
5210 1201
5218 5362
5219 5363
3059 749
3056 1380
3057 3954
3054 3952
3055 3953
3052 3950
3053 3951
3050 1249
3051 3949
4597 4957
4594 4954
8 31
1317 2802
1316 2801
1315 966
1314 2800
1313 2797
1312 2799
1311 2798
1310 510
1319 511
1318 2803
6914 1259
6447 1977
6444 6048
6917 2326
6442 1487
6443 6047
6440 6046
6913 1156
6918 1333
6448 6049
7728 6781
7729 6783
7720 6778
7721 6779
7724 6780
7726 947
7727 6782
3948 4552
3949 1388
3941 4547
3942 2119
3943 4548
3944 4549
3945 4551
3946 1126
3947 4550
6709 4607
6701 6210
6700 2321
6703 6212
6702 6211
6705 6213
6707 1624
6706 6214
7535 6693
7534 5604
4057 4620
4056 4619
4055 819
4053 4618
4051 1390
4050 4617
4059 4621
4058 820
3610 4341
3611 4342
3613 4343
3614 936
3615 787
3616 2387
3617 3991
3618 4344
3619 4345
7536 6694
2569 3640
2568 3835
2561 3627
2560 990
2563 3629
2562 3628
2565 699
2564 3630
2567 3623
2566 3619
5029 5240
5028 1253
5020 1289
5022 1072
5024 5239
5026 867
4440 4863
4441 1463
4442 4864
4443 4865
4444 4866
4445 4867
4446 4868
4447 4869
4448 1198
4449 4870
964 2540
965 2538
966 213
967 1858
960 211
961 2537
962 2539
963 212
968 463
969 2542
1537 1690
1536 2940
1535 2939
3091 3980
3096 3986
3097 3983
1247 1537
3095 3985
7327 6572
1248 244
1968 3226
5198 5351
3234 4088
1619 296
641 2244
5195 5348
5194 5347
3238 1213
1967 3225
1960 3221
640 2243
5190 5344
7113 6447
7112 6446
7111 6445
7110 2641
7117 6450
1962 3222
7115 1084
7114 6448
7119 1043
1611 2987
643 175
1678 1640
1679 304
1674 3028
1675 3029
1676 3030
1677 3031
1670 3025
1671 3026
1672 560
642 2245
645 83
3962 1282
1418 526
1419 969
1410 2867
1411 524
1412 1
1413 525
1416 968
644 424
4208 4718
4209 4723
5183 5336
4202 4719
4203 4720
4200 4716
4201 828
4206 4726
4207 4717
4204 4721
4205 4724
647 425
5568 1954
5569 3109
5564 3481
5565 5550
5566 5551
5567 5552
5561 5548
5562 5549
5563 1472
646 2240
308 59
309 1834
300 17
301 142
302 57
303 1821
304 143
305 1856
306 58
307 1832
472 2123
4893 5152
4891 5151
2773 3765
4897 5228
4896 1400
2777 729
6118 5871
6119 5872
6114 5870
6116 5867
6110 1867
6111 3274
6112 5868
6113 5869
7283 6551
7282 6550
7281 6573
7280 1514
7287 6555
7286 6554
7285 6553
7284 6552
7939 6914
7938 6913
7289 1085
476 2124
3429 1670
3423 4212
3422 4211
3427 4261
3426 4217
3425 4215
3424 4214
2002 3242
2003 3998
2000 3241
2001 1365
2007 621
2004 620
4858 5114
4857 5105
4856 5134
4855 5133
4586 4951
4853 5131
4852 5129
4851 5128
4850 5125
8158 7045
8156 7044
8157 7047
7392 6605
1087 2627
1086 2625
1085 2624
1084 2618
1083 2623
1082 2622
1081 2621
1080 476
1089 2626
1088 2628
449 2003
448 2002
1339 2819
1338 2818
1335 2815
1334 2814
1337 2817
1336 2816
447 164
446 2006
1333 2813
1332 2812
6933 2328
6930 1260
6936 6337
1902 3180
8128 1231
8126 7027
6938 1628
8124 2557
8122 2556
8121 1767
8120 7026
7706 6772
7707 1985
39 8
38 106
7703 6769
7701 1660
33 35
32 342
31 1341
30 0
37 1088
36 350
7708 4317
34 125
1903 600
7514 6679
844 381
3467 4243
845 2467
3464 779
843 2466
3462 4241
4079 4630
841 2463
4075 4635
4074 4634
4077 4625
4076 4658
4071 1328
4070 4631
4073 4632
4072 822
3966 4564
3967 810
3964 4561
3965 4562
5793 1817
3963 4563
3960 4558
5790 1300
7510 2398
3968 4566
3969 1848
5184 5337
3638 4358
3639 4359
3636 4356
3637 4357
3634 1385
3635 789
3632 4354
3633 4355
3630 4353
840 1149
3469 4245
3468 4244
4468 2591
4469 4888
4466 1808
4467 4887
4464 4885
4465 4886
4462 4884
4463 846
4460 4881
4461 4882
948 1689
949 2532
946 459
947 460
944 2528
945 458
942 456
943 457
940 2527
941 455
6327 1258
6326 5990
6325 5989
6324 5988
6323 1975
6321 3315
6320 2319
6328 1483
6457 6060
7139 6467
7138 6465
7131 1983
7130 6460
7133 6464
7132 6463
7135 6469
7134 6466
7137 6461
7136 6459
1658 558
1659 3017
1652 299
1653 557
1650 3012
1651 3013
1656 3015
1657 301
1654 300
1655 3014
586 24
5238 5374
584 23
585 2209
582 2205
583 2204
580 2200
1738 3072
588 2210
589 169
2839 3798
2838 1766
2835 3797
2834 1061
2833 3796
2832 3794
2831 1060
2830 998
3391 4189
5406 3626
1434 2880
5404 1150
3395 4192
1433 2879
5401 5461
5400 5460
3399 4196
3398 4195
1438 2884
1439 256
5230 5372
5231 3477
5232 5373
4260 4758
4261 833
5233 1407
4264 3795
4265 4310
4266 835
4267 4759
8074 6988
4269 836
1887 3170
3703 4408
1885 3168
5548 5539
3701 4007
5542 5537
1883 3167
5540 5535
5541 5536
5544 5538
1882 3166
1881 3165
1880 595
5890 5734
5891 2057
5892 5736
5895 5737
5896 5738
5897 1079
4668 5003
2127 3320
2126 3319
2129 2666
2128 640
4666 1144
4667 5001
4660 4994
4661 854
4662 855
4663 4995
322 61
323 1874
320 1833
321 916
326 1875
327 1877
324 893
325 62
328 1879
329 1872
1595 1175
6139 6632
1594 2979
6132 5986
6133 5879
6130 1438
1597 294
6134 5880
6135 5881
3073 750
1591 2978
3075 3966
3076 3967
1592 545
3252 4101
2249 3396
2244 3049
2246 659
2247 1193
2240 657
2241 658
2242 1746
2243 3395
5178 1579
3401 4198
3400 4197
3403 4199
3402 4200
3405 4204
3404 769
3407 4207
3406 4208
3409 2020
3408 1008
7537 6695
4875 1107
4874 5141
4876 3424
4871 5139
4870 5142
4873 5137
4872 5143
7531 6690
4879 2032
2068 3291
2069 1600
2798 3093
2799 1209
2792 3778
2793 3779
2790 1277
2791 3777
2796 3780
2065 3290
2794 731
2067 4414
5692 5631
3257 4102
5690 5629
6178 5902
5691 5630
7096 6435
7094 1444
7095 6436
7092 1111
7090 6432
7098 6437
7099 6438
5696 5634
4883 5147
8105 7015
8104 7014
1359 2830
1358 2836
469 2501
468 2121
8103 7013
8102 7011
465 421
1352 922
1351 2829
1350 2828
461 2115
1356 2834
1355 2832
462 2116
6958 6350
6959 6348
6488 6078
6489 6079
6950 5204
6951 1506
6480 6072
6953 1629
6486 6076
6955 1042
6484 6074
6485 6075
4885 5148
8214 7088
3184 4044
3185 4045
3186 4046
3187 4047
3180 759
3181 4040
3182 4042
3183 4043
3188 4048
3189 4049
4019 4596
4013 813
4012 2933
4011 812
4010 4593
4016 4594
4015 4595
4014 2475
5797 5683
3989 4577
3984 4579
3985 4581
3986 4582
3987 4575
3980 1389
3981 4574
3982 4576
3983 4578
5796 5682
1447 2888
1446 259
1445 2887
289 1804
288 1803
1112 2656
1443 2886
283 1800
282 55
285 139
284 1801
287 1802
1442 258
5794 5681
1448 2889
2477 3560
2476 3559
2475 687
2474 1543
2473 3558
2472 3557
2471 3556
5792 2051
2479 688
2478 3561
7874 2348
7875 6872
7877 6873
7870 6870
7871 910
7873 6871
7878 6874
7879 2399
6305 1709
6304 5980
6307 4202
6306 1109
6301 5979
6302 2073
2907 3854
2906 3853
3214 4066
3215 4065
3216 4067
3217 4069
3210 4068
3211 4075
3212 4063
3213 4064
1638 554
1639 3007
2904 3852
3218 4076
3219 4071
1988 3234
1989 3235
706 91
568 2190
569 2191
2817 3787
2908 3855
2811 732
2813 3786
560 80
561 2186
562 2187
563 2188
564 166
565 2189
566 167
567 21
5429 5471
5428 5470
3379 4181
3378 4180
3377 4179
1187 2719
3375 4178
3374 4177
3373 4176
1183 2717
1180 2709
3370 4173
4248 4749
4249 4750
4246 4748
4247 831
4244 4744
4245 4747
4242 4746
4243 4743
4240 4742
4241 4745
5520 5519
5521 5520
5522 5521
5523 5522
5524 1221
5525 5524
5526 5525
5527 1417
5528 5528
5529 1074
48 1132
49 351
46 1114
47 1117
44 1102
45 1113
42 1096
43 1101
40 1092
41 1095
4848 5123
4960 5196
6547 6123
6546 6122
6545 6121
6544 6120
6543 3691
6542 6119
6541 6118
6548 6124
344 1897
345 1899
346 1585
347 3132
340 1891
341 114
342 1895
343 1896
348 18
349 19
7518 6682
6150 5889
6151 1082
6152 5890
6153 5891
6155 5892
6156 1303
6157 5894
6158 5893
4527 1863
4830 5103
3237 2804
4524 4920
4835 5108
4837 5110
6584 6143
2268 3408
2269 3409
2262 3404
2260 3402
2261 3403
2266 3406
2267 3407
2264 982
2265 3427
8205 7077
4813 5091
2047 4883
4811 861
2045 3264
2042 3251
4816 5092
4815 3079
4814 862
4819 5095
4818 5094
2049 3278
3150 1062
7629 6742
3239 4090
8237 1172
8236 7087
7079 6424
7074 1355
7070 6422
7071 6423
7072 6421
7073 2092
8163 1715
8162 7049
6974 6360
6975 6361
6972 6359
8166 7050
8165 6713
6971 6358
8169 3639
8168 2349
6978 6362
6979 1226
4389 1143
4383 4830
4382 4834
4381 4833
4380 4832
4386 2357
4385 2356
4384 842
407 71
406 156
1373 2844
1372 516
1375 518
1374 517
1377 250
400 1945
1379 2847
1378 519
409 1958
408 1957
4031 3216
4030 2452
4035 4604
4034 4603
4037 326
4036 4605
4039 4608
4038 4606
8173 7055
2746 724
2459 3553
2458 3552
2455 3548
2454 3547
2457 3550
2456 685
2451 3544
2450 3543
2453 3546
2452 3545
7852 6856
7853 6860
7850 6857
7851 6858
7856 6862
7857 3636
7854 6861
7855 1529
656 176
657 365
654 2254
1501 274
652 2252
6360 2416
6367 6776
6366 6005
3088 3977
650 84
651 2250
4982 5217
3086 3975
5496 5504
1977 611
658 366
1600 2014
659 85
1975 3227
3226 4081
5497 5506
1973 610
1604 923
1971 2375
1606 2984
3232 4087
3233 4089
3230 4085
3231 4086
5199 1936
1969 609
1618 400
3235 2449
1964 607
1965 608
5197 5350
1615 2993
1612 1317
1613 547
1610 295
1963 606
2872 3823
2871 734
2870 3820
2877 932
2876 3825
2875 3824
4986 2034
2879 3826
3355 4162
3354 4161
3357 4165
3356 4164
3351 1007
3350 4159
3353 4160
3352 2
3359 4167
3358 4166
5449 1255
5448 5481
5442 3932
5440 5476
5447 5480
5446 5479
5445 1414
5508 5511
5509 1572
5506 1571
5507 5510
5504 5508
5505 5509
5503 1349
5500 2203
5501 5507
542 2163
543 2164
540 2161
541 2162
546 2167
547 2176
544 2165
545 78
548 2177
549 79
5476 5491
6568 2637
5477 5492
6565 6127
6567 1496
6566 1037
6561 6126
6560 1330
6563 6132
7687 6764
7686 6765
7685 6763
5475 5490
7683 2364
7682 6761
5472 5487
7688 1885
3827 4484
3580 1558
3825 2554
3824 4483
3823 4482
3822 2450
3821 4486
5002 1402
5001 5225
3829 4485
5000 5224
5006 5229
3586 1011
7538 6691
368 894
369 1916
366 1915
367 1917
364 1913
365 1914
362 147
363 66
7533 5688
5008 5230
5133 4434
6179 5903
6176 5900
6177 5901
6174 1304
6175 5899
6170 878
2200 3368
2201 3369
2202 652
2203 3370
2204 3371
2205 653
2206 654
2209 980
4428 4853
4839 5112
4838 5111
4529 2391
4528 849
4831 2031
4526 4921
4833 5106
4832 5104
4523 4919
4834 5107
4521 4613
4836 5109
7993 6945
7992 1999
7991 6346
7996 3637
7995 6946
7994 3316
7999 6948
7998 6947
5298 2170
5299 5402
5296 3117
5294 5401
5295 1469
5290 5399
5291 5400
8141 1314
8140 7035
8142 7036
8145 7038
8144 7037
8146 7039
7337 6580
7336 6579
7335 6578
7333 6575
7332 6577
7330 6576
5510 5512
7059 2639
7052 1159
7053 6409
7050 1227
7051 6407
7056 6413
7057 6415
7054 1631
7055 6411
5516 5515
8149 2989
8148 2991
6998 6370
6999 6371
6994 1694
6995 6368
6996 6369
6997 1630
6990 6366
6991 6367
8147 7040
6993 1651
2998 3912
2999 1003
59 1173
58 1170
55 38
2991 1318
57 1169
56 107
2994 3910
50 37
53 1135
52 1134
2990 2484
54 9
2992 3909
2993 2280
51 1133
2995 3911
2996 2017
429 420
428 74
1399 2859
1398 2858
421 157
1396 254
423 1965
422 73
425 917
424 1966
427 158
1390 252
3452 774
3453 775
856 963
857 95
850 6051
851 2470
852 2476
853 446
1425 347
2330 3454
4715 1199
2332 668
5474 5489
4717 1069
2334 3457
2335 3458
4712 1021
4713 1614
6699 1500
6698 6209
6692 6349
6691 1672
6690 6205
6697 6208
6696 6207
6695 6206
2439 3532
2438 3529
2433 1948
2437 3527
2435 684
2434 3526
7839 1450
7830 6843
7831 6844
7832 6845
7833 1852
7834 6846
7835 2100
7836 6847
7837 6848
6340 3070
6344 1484
6347 1868
6346 5995
6349 5997
6348 5996
5473 5488
5470 2423
1807 3114
1806 3113
1805 583
1804 3112
1803 3111
3787 796
3784 4464
3785 2841
3788 5712
1809 3118
1808 977
4996 5222
4994 1218
4995 5221
4992 3892
4993 2792
4991 4611
4999 1024
6517 6099
3258 761
3259 4105
1948 3217
3250 4100
3251 1553
1940 3209
3253 1554
1946 3214
1947 3215
3256 2249
1945 3213
2859 733
2858 3810
2851 1346
2850 3805
2853 3807
2852 3806
2855 3808
2857 3809
2856 2298
1490 272
1397 2857
1492 533
1493 1609
5465 1470
1495 2917
1496 534
1497 273
1498 1326
1499 2919
3339 4151
3338 1685
1395 2856
1394 253
1393 1539
1392 2855
1391 2854
426 1986
5437 1413
524 344
525 2148
527 2153
520 2147
521 2149
522 2150
523 2151
528 2154
529 2157
1234 242
1235 2751
1236 1118
1237 2752
1230 496
1231 2749
1232 1343
1233 2750
1238 2753
1239 497
8286 882
8287 349
8284 103
8285 900
8282 102
8283 28
8288 948
8289 2229
6509 6093
6508 6092
6503 1155
6502 6088
6501 2397
2489 3567
6507 6091
6506 6090
6505 1439
6504 6089
4677 2675
4900 5156
4675 5043
2485 690
3809 2553
3808 2288
3805 4477
3804 1266
3807 799
3806 798
3801 4475
3800 797
3803 1124
3802 4476
4671 5006
4906 5162
7553 1261
7550 6699
7557 5144
7554 6700
4174 4700
4175 1934
4176 4701
4177 4702
4170 4699
4171 3811
4173 2024
1961 2257
4178 4703
4179 827
7176 6493
7394 6607
991 219
7390 6604
993 220
2228 3386
2229 904
2226 3384
2227 3385
2224 3383
2225 981
2222 3381
2223 2258
2221 3380
5924 5757
5925 1431
5926 3586
5927 5758
5920 5754
5921 5755
5922 1128
5923 5756
5928 1596
4504 4910
4507 2027
4500 2390
4503 4912
4502 4911
4509 4915
4508 4914
2088 3299
2089 3300
2082 3295
2083 2529
2081 3294
2086 3297
2087 3298
2084 3296
2085 631
7319 3634
7318 5257
7315 4762
7317 6568
7316 3864
7310 6567
7030 6416
7031 6398
7032 6400
7033 6399
7034 2091
7035 6401
7036 6402
7037 6403
7038 6420
7788 1523
7789 6822
7782 6820
7783 6821
7780 6818
7781 6819
1009 2581
1008 2574
1007 222
1006 469
1005 2567
1004 2573
1003 2572
1002 2571
1001 2570
1000 468
4349 1020
4348 4810
4347 4806
4346 4802
4345 4801
4344 4809
4343 4805
4342 4804
4341 1935
4340 4803
8014 6958
5718 5644
5717 5643
5714 939
5713 3644
5712 5642
5711 5641
5710 5640
5092 871
7814 6834
5093 5778
7812 6833
7813 1695
7810 1524
7818 6836
7819 2347
2667 992
2664 3698
2665 717
2662 1680
4492 4913
2660 991
2661 3696
1829 3134
1828 3133
1825 3129
1827 3131
1826 3130
1821 3126
1820 3125
1823 2311
1822 3128
2147 3333
2146 3332
2413 3515
2144 643
4978 5215
4979 5216
2417 3517
2416 1901
2419 3521
2418 3518
4976 5213
4977 1567
4970 5206
4971 5207
4972 5208
4973 5209
1920 602
1921 3191
1922 3192
1923 3194
3272 4114
1925 3196
3270 4112
3271 2380
1928 3197
1929 3200
3278 4120
3279 4121
5587 5563
26 1093
3319 2381
3318 4140
5489 5499
5488 5498
5487 1970
3310 1250
3313 1383
3312 4135
3315 4138
3314 4137
3317 4142
3316 4141
5580 5560
5581 5561
1984 1541
7515 6680
60 1189
61 117
62 1191
63 1205
64 1206
65 1207
66 1208
67 1243
68 1362
1985 614
509 2144
506 355
507 2141
504 2140
502 2139
501 2138
1212 2736
1213 2737
1210 2735
1211 495
1216 2740
635 2241
636 363
637 364
638 2242
639 2261
1218 238
1219 2741
6521 6103
6520 6102
6523 1491
6522 6104
6525 6106
1983 613
6527 6108
6526 6107
6529 1493
6528 1492
8266 7108
8260 7103
8261 7104
8262 7105
8263 4203
7756 6800
3869 4505
3863 4502
3862 4501
3867 2794
3865 4504
3864 4503
7571 6708
7570 6707
7572 6709
7574 1334
7577 6711
7576 6710
7579 6714
7578 6712
4152 4687
4153 4688
4150 4685
4151 4686
4154 4689
4155 4695
4159 4690
1198 2726
8138 7031
5902 1430
5903 5741
5907 5743
5908 5745
5909 5746
3489 1064
3488 4255
3481 4250
3480 780
3483 1904
3482 4251
3487 4254
3486 2385
4563 4939
4562 2206
4561 906
4560 4938
4567 4943
4566 4942
4565 4941
4564 4940
4569 4945
4568 4944
7659 6749
6064 5844
6066 5845
6067 5849
6060 5840
6061 5841
6062 5842
6063 5843
6068 5850
6069 5851
2604 708
2605 1843
2606 3657
2607 2293
2603 3655
2608 3658
2609 3659
7379 6598
7378 2402
7373 1515
7372 6885
7371 6595
7377 6597
7376 6683
7374 6596
5452 1348
7018 6388
7019 6389
7016 6386
7017 6387
7014 6384
7015 6385
7012 1597
7013 6383
7010 6381
7011 6382
1195 2724
753 2368
752 2367
751 2365
750 407
756 94
755 2369
754 2366
759 2371
758 2370
3780 4461
3781 4462
2958 738
738 2352
2954 3880
2955 1001
2956 2778
2957 3881
2950 3877
2951 1377
2952 3878
1802 582
1025 2583
1024 1098
1027 2584
1026 225
1021 2582
1020 1165
5342 5421
1022 224
1800 3110
1029 955
1028 2585
5456 5482
4365 1564
4364 4817
4366 4820
4361 1461
4360 4816
4363 4819
4362 4818
4369 4823
4368 4822
5457 1415
3108 3992
3109 3789
3104 1902
3105 2448
3106 1550
3107 3989
3101 3987
3102 3988
3103 2379
5 116
4093 4739
4092 4643
4091 4642
4090 4641
4097 4646
4096 4645
4095 4644
4099 1065
4098 1217
5735 5651
5737 1299
5731 5649
5730 5648
5733 5650
5732 1298
5739 1474
5738 1616
1563 290
1564 1120
8097 7033
8096 7006
8095 7005
8094 7004
8093 7003
8092 7002
8091 7001
8090 4808
1565 541
8099 7008
8098 7007
6658 6186
6657 6185
6656 6184
6655 6176
6654 6183
6653 6182
6652 6181
6651 6180
6650 6179
6387 6017
6381 6014
6380 6013
6383 6016
6389 6019
6388 1918
2381 676
2380 3491
2382 3492
2385 678
2384 677
2387 3493
2386 1603
2389 3496
2388 3495
1849 591
1848 590
1842 588
1841 3142
1840 3141
1847 589
1846 3145
1845 3144
1844 3143
2169 3344
2168 647
1943 3211
4952 5194
2164 3342
4950 5192
4951 5193
2161 3341
4957 5195
2163 1893
1941 3210
3255 2300
3298 4126
1944 3212
5139 5312
5138 5311
3294 4124
5136 5310
5135 5309
1905 3181
3290 4139
5132 875
3292 4123
5130 874
6890 1943
6892 2219
6895 6314
6897 2089
6896 6315
6899 6316
1278 2774
1279 502
618 1988
619 174
612 2224
1271 2769
1272 2770
611 27
616 172
617 173
1276 2775
1277 1824
8248 7095
8249 2112
8242 7091
8243 7092
8241 7090
8246 2458
8244 7093
8245 7094
3333 4150
3332 4149
3331 4148
5462 5505
1494 2916
5467 3480
3334 767
5469 2233
5468 5486
3595 4331
7599 6723
7598 6722
7597 6721
7595 6720
5039 5246
7593 2338
7590 5947
3598 4330
4138 1827
4139 4674
4130 4667
4131 4668
4132 4669
4133 4670
4134 327
4135 4671
4136 4672
4137 4673
3841 4491
5693 1991
3843 802
3842 2313
3845 4495
3844 4494
5694 3893
5695 5632
3849 2021
3848 4496
5698 5633
7910 1870
5969 1830
5960 5777
5961 5779
5962 5772
5963 1302
5964 5773
5965 6018
5966 5775
5967 5796
4541 4926
4540 4925
4543 4930
4542 4927
4545 4931
4544 4928
4547 851
5371 5442
2594 1056
2595 707
2596 3653
2597 1372
2591 2292
2592 1859
2593 706
5431 5472
2598 3654
2599 1057
1070 2610
5436 5474
6042 5828
6043 1482
6041 3483
6046 5830
6047 2317
6044 1081
6045 5829
6048 5831
6049 5832
2623 1275
2620 1058
2621 5033
2626 3673
2627 3672
2624 4113
2625 711
2628 3688
2629 1860
7351 1984
7350 6588
7353 6590
7352 6589
7355 6592
7354 6591
7357 6600
7359 5478
775 2410
774 2408
776 2411
771 435
770 2405
773 2407
772 2406
779 189
778 376
77 1238
76 1233
75 39
2979 1185
73 1232
72 410
71 1262
2972 1183
2973 1378
2970 3899
2971 3897
2976 3959
2977 1184
2974 2551
2975 4468
1043 228
5363 4240
1041 2589
1040 2588
1047 2597
5367 5440
1045 2595
1044 921
5368 3715
1048 2598
1506 275
4303 1066
4307 4781
4306 4780
4305 4778
4304 4777
4308 4779
1507 276
3128 4008
3129 4009
3123 4004
3120 4003
3126 1604
3127 4006
3124 4005
3125 755
5753 1841
5752 5661
5751 5660
5750 5656
5757 2049
5756 3717
5755 5662
5754 5341
3445 4225
4609 4965
3444 4224
3447 773
862 2479
865 2480
864 96
867 2481
2757 3756
2026 3262
7434 4929
7436 2569
2755 3755
7430 6628
7431 6629
2020 3256
7439 2510
2753 3754
2323 984
4706 856
2023 3259
2321 3453
6675 6195
6674 6194
6677 6197
1616 2994
6671 6191
6670 1623
6673 6193
6672 6192
6679 6199
6678 6198
2326 1806
1208 2733
2325 1369
2324 927
1617 2995
1614 2992
5196 5349
2369 1195
2368 3476
2367 3475
2366 1602
2365 3474
2364 675
2363 3473
2362 674
2361 3472
2360 3471
5191 5345
1861 318
1860 3151
1863 3678
1862 3152
1865 2312
3729 4428
1867 3154
1866 3153
1869 3156
3725 4425
3726 1782
3727 4426
3720 1123
3722 4422
3723 4421
4686 5011
4687 1105
4684 3927
4933 5183
4934 3890
4683 5009
4936 5186
4937 5187
4938 865
4688 5012
4689 1674
2109 636
2108 3310
2103 3308
2102 1367
2101 635
2100 3305
2106 1265
2105 3309
2104 3307
5115 2948
5114 5295
5117 5298
5116 5297
5111 5292
5110 5293
5112 5294
5119 5300
5118 5299
5192 5346
9 390
890 2498
891 2499
892 2500
893 97
895 201
896 919
897 202
898 2502
899 3616
1788 316
1789 3103
1780 580
1781 976
1782 3099
1783 314
1784 3101
1785 3102
1787 315
6878 6305
6877 6304
6876 6303
6875 1129
6873 2088
6871 5696
6870 6302
8221 7082
8222 7083
678 2266
8225 3317
8226 2111
8227 3993
674 367
675 89
676 2265
677 368
670 954
672 2263
673 88
7609 6732
7608 6728
7605 6726
7604 1655
7602 6725
7601 6745
7600 6724
2493 3570
2492 3569
4646 1702
2494 3571
2497 3574
4645 908
1256 2762
1257 2763
1254 2760
1527 2936
1520 535
1253 245
1522 2932
1523 2935
1528 2938
1529 4131
1258 2764
1259 500
4116 4654
4117 1563
4110 1284
4111 1391
4119 4655
7103 6440
7106 6442
7109 6444
3341 4153
5946 5770
5947 1575
5944 5768
5945 5769
1966 403
5943 6166
5940 5766
5941 5767
5949 6558
6028 5817
6029 1831
6020 5811
6021 2064
6022 5813
6023 2702
6024 5812
6025 5815
6026 5816
6027 2568
2648 3689
2649 3690
2640 3684
2641 3685
2642 3686
2643 712
2644 3687
2645 3115
2646 713
2647 2294
3557 783
3556 3421
3555 2386
3554 2236
3553 4301
3552 4300
3551 4299
3550 4298
3558 4302
2910 2477
2912 1376
2913 3856
2914 2414
719 372
718 2287
2918 1845
2919 3858
715 371
714 1162
713 2285
712 2284
711 2283
710 429
5308 1292
1068 2690
5300 5403
1060 2604
1063 2605
5303 3479
1065 2608
1064 2606
5306 4235
1066 2609
4329 4796
4328 4795
4321 4790
4320 4789
4323 2237
4322 4838
4325 4792
4324 4791
4327 4794
4326 4793
3140 757
3142 4017
3143 4016
3144 758
3145 1381
3146 4018
3147 4019
3148 1551
3149 4020
1630 3002
5778 4467
5771 5672
5770 5671
5773 1778
5772 2316
5775 940
5774 5673
5776 2050
7413 6615
7416 6616
7417 6617
7414 1518
7415 6703
7418 6618
7419 6619
6613 1978
6612 6154
6611 3894
6617 6159
6616 6158
6615 6157
6614 6156
6619 6155
6618 2320
5083 1787
1636 1263
3504 4268
1637 553
3506 1116
2345 672
2344 3463
2346 5214
2341 671
2340 1601
2343 3462
2342 3461
2349 3464
2348 928
3708 4316
3709 4413
1889 3171
1888 597
3702 4407
1886 3169
3700 4406
1884 596
3706 4411
3707 4412
3704 4409
3705 4410
2121 1835
2120 1053
2125 3318
4669 5004
4918 5174
4919 5176
4916 5172
4917 5173
4914 5170
4915 5171
4912 5168
4913 5169
4910 5166
4911 5167
6445 6050
6910 6326
6911 6328
5173 5329
5172 5328
5171 5327
5177 5332
5176 1828
5175 5331
5174 5330
5179 1404
6441 1036
133 1606
132 126
130 108
137 1634
136 1608
135 127
134 1607
139 1636
138 1635
5590 5735
7254 3869
7255 6539
7257 4615
7250 2457
7251 6536
7252 6537
7253 6538
6855 1039
6854 6292
6856 5102
6850 2617
6852 6291
6859 6293
6858 4659
88 1315
89 118
82 1324
83 1241
80 40
81 1239
86 41
87 1272
84 1244
85 1245
6583 6141
6582 6140
6581 6139
6580 6137
6587 6142
6586 6138
6585 6145
8209 2108
8206 7076
8204 2351
6588 6144
8202 7074
8203 7075
7625 6739
7624 1190
7626 6740
7620 1229
7623 6738
7128 6457
7828 6841
1502 2921
1503 2922
1500 2920
655 2251
3089 1005
653 2253
1504 2923
1505 2924
3085 3974
3084 751
3087 3976
1509 4074
3081 3972
3080 2875
3083 3973
3082 2248
3369 4172
3885 2563
3887 1562
3886 4516
3881 4513
3880 2954
3883 4515
3882 4514
3889 4517
3888 2562
2484 689
7123 6452
6006 1080
6007 5802
6004 1223
6005 5799
6002 5814
6003 5800
6000 1619
6001 1481
6009 2062
995 221
994 99
7397 2334
996 2564
7391 2333
990 2560
7393 1516
992 2561
999 467
998 2566
5098 5284
5099 5283
3579 4314
3578 4315
5090 5279
5091 5280
3577 4313
3576 1251
3571 4424
5095 5281
5096 1403
5097 5282
4497 4909
4496 4907
4495 4903
4494 4902
4493 4899
2663 3697
4491 4908
4490 4906
2668 3699
4498 4917
2938 3868
2939 3867
2936 3871
2935 3866
2932 737
2933 3865
2930 3862
2931 3863
5326 2302
5327 938
5324 5411
5322 5410
5323 330
5320 5409
5321 1220
3799 4474
5328 5412
5329 5413
1743 3076
1838 3135
1839 3140
3168 4035
3169 4034
3166 4032
3167 4033
3164 1006
3165 4031
3162 4029
3163 4030
3160 4028
2406 3510
4980 1952
4983 1816
731 2309
730 184
733 185
732 2310
735 2355
734 2354
737 902
736 2409
739 93
4985 5218
2403 3507
2400 680
2401 3505
1274 2772
7478 5
7470 6659
7471 6677
7472 7057
7473 6653
7474 6654
7476 6657
7477 6658
6639 6170
6638 6859
6630 6165
6633 6168
6632 2082
6635 6169
6634 1332
6636 6167
4707 5027
2322 1542
4705 5026
4704 5025
4703 5024
4702 5023
4701 5022
4700 5021
2329 667
2328 666
4709 857
4708 5028
3760 4447
3761 4448
3762 4449
3763 4450
3764 4451
3765 4452
3766 4453
3767 4454
3769 1594
1292 2780
1561 3455
2499 692
2498 3609
4648 2674
4649 4988
2491 3568
2490 691
4640 4985
4641 4986
2495 3572
4647 4997
4644 4987
2496 3573
7931 6909
1566 542
7899 2426
7894 6886
7892 6883
7893 6884
7890 1940
7891 6882
5159 5320
5158 5319
5151 5315
5150 5314
5153 5317
5152 5316
5155 1568
5154 5318
115 1357
114 1583
117 1453
116 1358
111 1531
110 1527
113 1577
112 1533
119 1455
118 1454
7273 5603
7270 6546
7271 6547
7276 6548
7277 1919
2320 3452
7278 6549
7279 1228
6833 1038
6832 1225
6837 6282
6836 6281
6835 6280
6834 6279
8005 6951
7642 5211
7647 1656
7646 2166
7645 6747
7644 6746
7649 1312
7648 1657
1748 3078
1749 575
1744 1136
1745 3077
1746 573
1747 574
1740 3071
1741 3074
1742 3075
1486 532
7291 6556
1484 268
7292 4898
5494 5502
7925 6904
5495 5503
7922 6902
3304 4132
7923 6903
3305 4133
7920 6901
5490 5500
7297 5285
5491 5501
1568 2964
1569 291
1298 2784
1299 2785
1560 2962
1293 2781
1290 2779
1291 1538
1296 507
1297 247
1294 2782
1295 2783
7462 6649
5638 2046
5639 1420
5635 2679
5636 5595
5637 1419
5630 1296
5631 2045
5633 5593
